100
0   0   0   0   36   0   0   0   0   0   0   72   132   0   1   20   0   30   0   0   0   0   0   0   0   0   0   0   13   0   0   0   2   99   0   0   30   0   0   6   0   6   18   0   4   4   0   0   2   8   36   130   0   0   0   19   0   0   0   63   53   0   0   0   0   71   212   0   0   0   30   0   31   0   0   1   0   0   0   0   0   0   0   0   0   181   0   16   0   45   4   0   0   0   0   0   0   0   0   0   
0   0   0   0   0   1   0   0   1   21   34   0   22   113   0   0   0   0   0   0   0   0   28   0   21   83   0   0   16   5   369   1   218   25   0   0   2   0   0   0   0   2   8   0   14   25   0   0   0   3   0   0   0   216   0   0   13   5   0   22   2   0   0   0   31   0   0   0   0   15   0   0   0   0   0   0   0   0   209   0   0   0   3   2   0   0   0   0   0   18   1   0   0   14   64   0   0   0   0   0   
0   39   0   0   36   0   8   0   0   545   15   4   20   0   0   0   0   0   2   5   8   0   918   0   2   0   4   4   3   72   0   0   0   0   206   0   0   0   18   26   0   0   4   0   3   0   0   0   49   0   0   15   61   15   0   0   24   0   12   40   0   0   0   0   0   0   0   0   48   0   39   2   0   0   0   1598   0   2   0   0   0   8   0   0   0   6   5   5   0   0   0   23   0   0   0   130   5   0   0   0   
0   0   0   0   104   99   0   2   129   1100   0   0   0   0   0   0   31   0   0   0   2   0   41   44   37   4   9   0   13   0   0   0   0   0   0   0   0   0   770   0   0   0   0   5   0   0   0   2   0   0   21   0   0   0   1   0   25   0   1   11   0   218   0   0   0   1   17   52   0   4   0   0   0   0   0   0   0   0   1   0   0   1   0   0   66   129   61   0   5   0   18   0   505   16   0   0   5   0   41   0   
0   0   9   2   0   37   0   0   0   2   0   9   244   0   0   0   0   0   0   4   0   0   0   0   0   0   0   212   14   48   0   0   0   0   3   0   0   0   0   9   0   8   0   3   0   505   0   13   18   30   0   0   14   3   2459   0   0   0   7   0   0   0   218   0   0   1   0   41   33   545   0   0   0   0   71   0   0   2184   443   0   0   0   0   0   1   64   1   0   159   1   1   8   1   0   38   0   0   16   438   0   
0   0   0   0   0   0   0   0   0   0   0   0   0   2   15   0   0   0   10   0   0   0   0   6   0   0   0   0   0   9   36   18   0   0   25   0   0   0   0   0   31   0   0   0   0   30   2   0   48   0   0   0   76   0   0   0   2   1   24   0   0   1   0   0   0   13   4   0   0   0   8   1   17   0   1   0   0   0   0   1   0   0   20   0   10   0   0   8   0   0   33   0   0   15   9   49   0   37   0   0   
0   0   0   0   0   1   0   5   2   0   1   4   18   0   0   31   0   0   6   0   4   0   0   0   1   0   0   0   0   314   21   5   12   39   20   16   0   0   0   0   2   1   0   0   156   0   91   0   2   0   45   0   0   0   0   0   0   1993   37   1   0   0   0   0   59   9   0   0   25   0   0   19   1   0   0   0   0   0   22   314   0   0   0   0   0   1   0   0   90   0   0   0   2   0   0   0   165   0   0   0   
0   0   0   72   0   0   0   0   25   3   2   0   0   0   0   0   0   0   0   0   0   0   106   14   2459   0   0   0   0   36   8   48   0   94   0   0   21   0   0   7   0   16   0   0   16   0   0   0   9   0   0   46   218   0   0   0   0   6   0   0   0   0   0   3   0   9   0   25   0   0   5   1   5   0   8   0   18   86   5   5   0   0   2   0   113   19   47   0   18   0   0   0   1   0   0   4   18   0   0   2   
25   3   0   0   0   0   0   2   0   0   6   0   0   3   3   0   4   0   2   0   7   0   0   0   0   0   0   0   66   0   0   21   0   4   0   2   3   0   0   31   0   13   2   0   0   0   0   0   0   4   0   0   0   0   0   0   0   0   0   0   0   10   18   0   21   38   72   4   0   15   0   0   0   0   181   3   123   0   0   8   0   0   13   0   0   0   0   0   15   97   0   0   0   0   0   0   0   5   0   0   
0   0   0   0   0   0   3   0   0   0   0   18   0   20   6   0   87   0   0   7   4   0   5   0   0   0   0   0   0   0   0   294   4   0   0   0   6   0   3   54   48   212   0   4   0   0   50   0   47   0   0   0   0   0   0   6   54   30   0   0   9   0   53   0   0   0   3   0   9   7   99   0   0   4   5   0   0   0   0   7   1   66   0   1   0   0   4   0   0   0   0   0   0   0   0   0   209   0   0   0   
0   0   0   0   0   0   3   25   2   2   0   0   0   39   0   0   0   0   30   0   0   0   314   0   1   25   0   5   0   1   0   10   0   0   3   10   78   9   0   5   0   174   0   0   0   0   14   1014   0   11   0   0   96   4   0   751   0   0   0   106   0   0   0   2   0   0   0   0   2   45   0   0   2   0   0   93   54   0   5   0   0   0   41   0   36   0   0   0   15   135   0   0   0   0   0   6   0   0   60   26   
0   0   0   0   74   38   0   0   0   0   0   0   13   0   8   50   0   0   0   0   0   106   0   59   0   18   0   0   0   24   0   0   16   0   65   0   6   0   8   9   0   0   0   2   0   0   0   8   0   0   0   0   0   4   2   0   0   2   0   0   0   8   0   0   0   0   1   0   41   2   1   0   37   0   0   0   1   17   0   811   42   4   0   5   0   18   6   0   21   0   64   1   0   0   0   0   0   2   0   0   
0   0   0   13   0   0   389   0   0   0   24   0   0   0   7   0   4   0   1   62   5   0   0   0   129   0   1   0   13   5   3   0   35   0   0   0   3   12   6   37   25   2   21   0   0   0   0   3   258   0   0   0   0   0   97   0   0   1   148   0   104   165   0   0   0   0   0   0   39   40   0   2   0   0   0   0   9   0   0   545   0   0   0   0   0   6   0   0   55   19   0   0   14   0   0   0   0   0   0   0   
5   0   0   0   0   0   0   0   9   0   0   0   37   0   0   0   0   0   0   0   8   0   0   26   0   0   0   0   2   8   0   21   0   0   2   0   1   0   0   0   0   0   2   0   14   0   0   5   0   0   0   0   3   0   0   0   0   0   0   0   0   0   49   0   0   0   0   129   0   15   0   1   5   6   1   26   3   0   2   0   0   0   0   3   0   36   0   21   4   0   4   0   1   0   20   0   0   0   0   8   
0   4   0   0   8   1   24   21   1100   7   4   1   0   18   0   0   2184   24   0   0   0   0   0   63   34   0   25   0   0   24   21   0   0   0   25   0   9   2   10   0   46   0   17   0   0   0   0   0   0   0   0   74   6   0   0   0   0   24   0   0   0   0   0   0   0   4   0   0   3   0   21   71   47   0   0   5   66   0   0   0   0   0   0   0   0   1014   0   3   98   0   0   2   0   0   0   0   0   0   0   0   
0   0   26   0   0   0   0   6   14   156   0   0   15   414   0   0   0   6   0   3   15   0   0   0   5   0   0   0   5   0   0   4   2   0   12   24   0   15   8   7   54   0   3   53   0   181   0   49   0   0   0   0   0   0   0   10   0   0   1   0   0   0   0   1   0   3   0   0   0   0   0   0   0   0   369   0   158   0   0   0   0   0   0   0   18   0   44   0   6   0   0   20   0   0   3   0   0   25   0   0   
0   5   0   0   20   0   0   5   1   0   218   0   0   0   0   0   0   0   0   0   218   0   99   0   0   0   0   1   5   0   97   0   0   0   0   39   96   0   0   0   0   0   3   0   0   0   0   0   0   1   0   0   206   0   0   15   7   96   1   19   0   0   0   22   0   0   24   0   0   0   15   0   0   55   0   0   0   15   0   10   0   0   0   12   0   78   0   48   0   0   9   9   0   0   5   0   113   0   0   2459   
90   15   0   0   18   0   0   0   1   0   2   12   0   12   0   0   0   0   4   2   25   0   0   0   0   0   3   7   0   0   0   0   0   0   5   0   97   0   0   0   0   0   18   0   0   0   0   12   3   0   0   0   0   0   0   0   0   0   0   49   23   1   0   0   0   0   72   0   5   0   0   126   0   0   9   0   0   0   0   0   0   2   19   0   0   0   0   0   0   17   6   1   0   0   0   104   0   0   0   0   
0   0   0   0   1   72   3   0   0   20   0   0   2   9   0   0   0   20   0   12   0   0   0   0   107   0   0   0   13   0   0   0   0   11   2   25   0   0   0   0   0   0   0   0   0   0   0   0   0   11   0   0   4   0   135   0   31   0   0   0   0   0   39   0   0   0   26   0   0   33   0   5   0   0   0   1   0   66   209   0   0   8   0   0   0   34   0   0   3   26   0   4   2   0   6   15   22   0   0   3   
0   0   0   2   0   34   0   0   0   53   0   0   29   38   0   0   0   0   0   0   0   28   0   0   0   49   0   0   0   0   188   13   0   0   0   1   0   0   0   0   4   20   0   0   1   0   0   0   0   191   23   22   0   0   0   0   0   50   0   0   0   0   0   0   0   5   0   0   0   0   106   0   0   0   0   18   0   0   0   0   15   0   0   0   0   0   0   94   212   0   0   12   0   5   0   0   10   5   0   38   
0   218   96   0   8   0   0   0   0   0   0   0   3   0   0   0   50   0   0   15   0   0   0   0   8   0   17   0   0   8   0   14   3   4   1   64   0   0   0   0   0   174   14   54   9   94   0   0   0   0   0   0   3   0   0   0   0   52   28   0   0   0   0   0   22   0   0   0   37   377   0   0   0   0   9   0   60   0   0   0   0   123   46   0   0   97   0   4   0   0   6   0   0   0   0   0   0   0   0   15   
0   0   0   25   15   0   0   0   0   0   0   1   0   0   33   41   0   0   4   0   0   0   0   0   2   0   0   0   0   0   57   22   0   1   0   0   0   0   65   36   0   0   0   0   0   49   0   83   0   0   3   15   0   0   0   0   0   0   0   487   0   0   0   0   0   0   20   0   0   49   0   2   0   0   0   0   0   0   5   0   8   9   0   0   0   0   0   0   0   11   0   0   0   0   0   0   0   0   0   94   
8   0   39   1   0   0   0   0   0   2   0   0   37   0   1   0   20   26   0   0   0   0   0   12   0   0   1   0   0   9   0   0   0   0   0   1   0   0   106   0   0   0   126   0   0   16   0   0   2   0   0   0   0   1   0   1014   97   8   0   0   19   0   50   9   0   0   1   97   0   0   50   11   0   0   0   0   0   443   0   0   0   0   0   18   0   0   0   0   0   13   0   0   4   0   25   0   0   6   0   4   
14   0   33   33   0   0   4   0   0   0   0   0   0   0   0   0   2   15   0   35   2   41   1   0   0   0   1   10   19   1   31   1   106   0   0   0   0   0   3   0   0   5   0   0   6   0   0   0   770   0   0   0   5   0   0   0   0   9   5   0   2   0   0   0   0   93   5   1   0   0   0   205   0   7   0   0   0   0   0   0   39   0   13   25   13   18   0   0   0   6   5   4   0   0   1   0   25   0   0   0   
0   0   0   0   0   0   1   8   30   0   0   0   48   91   4   0   1   0   0   0   48   0   0   0   0   0   0   0   0   0   0   71   0   40   0   0   5   0   1   0   212   0   0   0   0   1598   90   39   4   0   71   0   12   48   0   0   0   0   0   0   0   0   0   389   39   5   0   0   0   0   2   50   0   0   191   0   37   0   0   0   0   0   0   0   0   30   0   0   96   0   0   0   1976   6   0   2   0   0   59   0   
0   1   2   1   0   16   9   0   0   0   248   0   34   0   9   0   0   0   5   0   15   0   0   0   0   0   40   0   0   1   0   0   0   7   0   0   0   0   0   37   8   0   36   0   249   130   159   95   0   0   216   0   0   0   39   0   0   216   0   0   0   0   0   0   0   0   0   0   0   0   0   6   34   0   206   1   113   1   26   0   0   0   0   62   0   5   0   0   0   0   0   0   0   0   0   49   0   0   0   0   
0   0   0   21   0   0   0   0   0   0   1   121   0   0   0   0   30   0   0   0   0   0   0   0   22   0   0   0   0   0   0   0   0   0   2   0   0   3   0   65   1   3   0   0   0   0   0   0   5   0   0   5   0   3   0   0   0   0   0   14   0   0   0   10   113   0   0   0   17   7   6   0   0   0   0   0   0   0   0   0   18   5   0   0   18   0   0   0   1   24   0   0   6   0   8   0   0   1   0   25   
0   0   9   9   37   9   0   0   0   0   22   26   57   0   0   55   0   0   0   0   0   0   0   14   6   132   0   0   0   0   0   0   0   0   0   0   0   918   129   205   0   1   53   0   101   126   9   0   0   0   37   0   1598   0   341   0   9   0   3   0   9   0   0   0   0   0   0   9   9   0   0   0   0   7   0   1   0   0   0   0   38   83   0   0   0   0   0   5   0   0   0   0   0   0   18   505   17   0   0   36   
0   3   0   0   0   0   0   0   97   7   1   0   7   0   0   135   0   0   0   12   0   0   0   530   0   0   0   14   0   60   3   0   4   0   2   21   0   0   0   2   0   0   8   0   0   14   0   0   16   0   0   0   0   0   21   0   17   0   22   18   1   24   5   0   0   0   0   702   22   0   0   11   0   0   1976   0   0   0   2   11   0   0   110   0   0   0   0   0   5   0   0   0   0   0   0   0   36   0   0   0   
0   21   0   0   0   7   0   0   2   0   0   0   13   8   0   1598   1   0   0   0   0   0   0   2   10   20   0   5   0   0   0   78   0   10   0   49   0   21   0   0   0   0   0   5   1   8   0   0   0   2   30   0   13   14   0   10   0   0   0   126   0   0   2   0   0   0   0   1   0   0   0   0   0   0   65   93   0   0   0   0   0   5   22   0   0   0   40   42   0   0   94   40   0   0   0   0   15   30   0   1   
0   0   9   0   0   0   0   0   0   0   0   0   4   24   1   0   0   0   0   11   10   17   0   0   0   0   0   1   0   0   0   0   0   41   0   0   0   0   0   96   0   0   60   0   0   0   0   0   13   26   0   18   0   3   0   1   0   0   0   0   0   2   0   0   0   0   13   0   0   0   0   0   2   57   0   0   28   0   4   0   0   37   0   0   0   0   0   10   0   0   0   71   0   0   0   0   24   0   0   0   
0   0   0   0   0   38   1   0   0   181   0   0   21   0   0   0   0   0   0   1   0   14   0   0   0   2   0   0   2   0   126   0   0   0   0   1   258   0   5   0   0   0   3   0   0   0   0   7   9   4   0   0   0   28   0   0   0   0   0   0   20   0   2   0   0   1   5   0   0   15   0   20   0   0   45   8   0   0   15   35   9   0   811   159   0   0   0   0   0   0   0   0   0   14   22   0   0   10   41   0   
0   16   0   0   0   0   6   1598   2   129   0   0   0   0   98   0   0   1   48   0   0   3   3   0   0   0   0   9   4   148   74   0   0   0   0   0   0   0   0   1   0   0   14   4   0   63   0   0   1   0   0   0   0   0   0   9   0   0   0   5   0   15   0   0   0   0   4   0   898   0   0   0   15   0   1   0   0   25   3   0   1   4   10   0   4   42   0   0   0   0   0   2   2   0   21   18   0   7   0   0   
0   0   0   24   13   0   50   0   0   71   0   19   0   5   0   0   0   0   41   0   2   0   770   0   0   0   0   26   6   0   414   0   0   0   0   294   55   20   106   0   110   1   0   9   3   0   1100   0   106   0   0   0   0   0   5   0   0   0   218   0   0   0   244   0   0   0   41   0   0   0   0   2   0   0   1   0   0   49   0   0   93   0   4   4   126   2   0   0   205   0   0   0   0   0   0   3   0   302   9   0   
0   1014   0   0   0   38   0   0   0   0   2   0   0   0   0   0   0   0   0   0   0   3   0   0   0   0   37   0   0   2   0   0   101   26   0   0   0   9   0   0   0   0   0   2   0   0   2   0   6   0   0   48   0   1   8   0   0   57   443   0   0   129   0   0   0   0   1   20   2   95   2   1   41   2   0   0   0   0   0   1   16   0   40   0   0   0   0   0   0   0   9   0   0   4   0   0   0   0   0   0   
0   0   898   2   0   0   258   6   0   0   0   298   0   0   0   4   129   0   0   0   0   0   0   92   1   0   0   0   1   0   4   0   0   0   0   0   2   0   91   40   0   0   97   0   0   0   0   0   0   0   126   48   65   0   1   0   0   0   0   0   205   0   165   0   49   4   0   0   1   0   40   7   0   0   3   8   0   1   0   0   0   0   8   1   0   0   3   0   3   0   0   0   0   3   0   0   0   2   0   1   
0   0   0   1   1   0   0   0   0   0   2114   19   0   0   64   0   22   0   0   0   3   0   0   0   38   49   0   0   0   0   0   18   0   0   0   26   0   0   0   0   0   110   0   0   5   0   0   0   1   2   0   3   0   0   0   0   0   0   0   6   0   5   0   0   0   0   3   9   1   0   1   20   18   1   0   18   0   0   0   0   0   0   0   0   78   5   0   0   0   0   2   20   0   0   0   0   0   0   0   0   
0   0   0   0   1   110   0   3   0   0   6   0   0   0   0   7   0   41   1   0   6   0   0   9   2   0   0   62   0   0   0   20   1   0   0   8   0   0   0   24   0   50   0   0   0   19   10   4   0   0   0   0   4   0   86   0   0   53   1   0   26   14   0   0   0   8   165   0   369   0   0   0   113   0   31   13   2   5   0   0   0   0   0   1   0   0   0   0   0   72   0   25   0   0   0   0   0   0   0   0   
5   0   0   0   0   4   0   0   16   0   0   0   0   0   0   0   0   1   0   0   0   0   0   0   0   0   0   148   0   10   0   0   126   1   0   0   0   24   0   0   0   0   9   0   0   0   0   0   0   0   15   0   129   0   0   0   0   0   0   47   36   0   0   0   1   0   0   0   443   0   1   0   0   0   0   0   86   0   0   0   3   0   10   6   0   0   0   0   10   36   0   0   121   2114   0   0   26   1421   2   0   
0   0   0   18   0   50   0   2   0   0   0   0   0   0   0   0   0   0   0   0   24   5   132   0   0   123   0   34   0   0   0   11   0   0   0   0   1   9   0   0   0   0   0   17   5   0   0   38   0   0   1   0   11   0   0   20   0   9   34   47   0   8   0   37   0   0   0   0   0   154   0   2   0   22   0   38   14   0   0   0   0   1   0   0   21   0   2   0   5   0   0   15   101   0   0   0   0   0   0   0   
0   35   0   0   14   0   0   0   0   0   2   0   0   1   15   0   0   0   0   0   0   0   0   6   12   0   0   113   0   3   0   0   0   0   0   0   0   0   0   206   0   0   770   5   0   0   0   0   0   34   0   5   0   0   1   0   6   33   0   78   0   0   0   39   0   0   0   0   0   114   0   0   156   11   20   1   50   5   0   8   110   0   1   13   0   14   0   129   0   1   0   0   0   0   0   0   0   0   0   0   
0   0   0   0   0   0   0   16   6   0   0   0   4   0   0   9   0   0   1   0   0   5   110   1   13   0   0   41   195   21   0   0   0   19   6   0   0   0   0   0   0   0   0   0   2   0   1   0   0   1   0   3   0   0   0   0   10   13   0   0   1   5   0   0   0   91   1   0   0   0   0   0   71   0   0   8   0   0   90   16   0   0   0   0   0   23   572   25   0   0   0   0   0   8   11   0   0   5   0   0   
15   0   0   6   0   0   0   0   0   17   9   0   2   0   38   13   1   0   30   8   2   0   0   0   0   94   1   0   0   11   5   1   0   1993   0   0   5   0   0   0   0   0   0   0   0   0   15   0   0   0   36   0   0   1   0   0   0   0   44   0   0   0   33   0   0   0   0   0   0   0   47   6   10   14   0   0   36   0   0   0   0   86   18   47   0   2   0   0   130   0   0   15   191   0   0   0   212   104   0   0   
0   0   1   64   0   0   0   0   0   34   0   4   0   0   3   15   0   0   0   0   18   0   1   0   0   0   0   0   505   0   0   0   0   0   0   0   97   2   1   12   0   0   20   0   0   71   14   54   0   1   0   0   154   0   0   0   23   0   0   0   0   0   0   0   0   0   0   19   0   377   10   314   0   209   0   0   8   0   49   0   0   0   9   248   0   3   0   191   3   0   0   0   0   0   0   0   0   0   0   0   
0   2   0   16   17   19   6   6   0   5   21   341   28   0   18   14   25   0   0   0   18   0   0   0   0   18   0   0   0   9   0   0   0   0   1   0   30   0   0   0   1   0   0   28   0   20   0   0   0   2   0   0   9   3   0   4   0   0   7   0   0   0   0   0   0   0   0   0   0   25   0   76   110   0   0   0   0   0   5   0   17   0   0   35   5   0   0   0   23   0   0   0   0   7   3   0   3   0   64   209   
0   0   8   0   389   6   0   0   5   9   0   0   11   2   59   0   0   0   107   0   0   0   0   0   0   0   0   4   0   0   0   0   0   0   0   0   6   0   0   0   0   6   0   0   0   0   0   0   0   0   0   0   0   0   1   0   16   0   0   0   0   0   0   0   36   2   60   97   0   1   8   0   0   0   0   0   0   0   0   0   0   129   0   71   36   0   0   0   0   1   0   0   24   0   0   0   0   6   0   0   
0   0   0   29   0   0   0   0   4   16   0   4   1   0   4   14   0   242   0   87   0   0   9   26   0   0   0   11   0   0   0   1   156   0   20   0   0   2129   0   0   7   0   0   13   2   10   0   414   0   0   0   8   0   8   0   0   0   3   0   0   3   0   114   191   0   6   0   0   3   0   0   0   25   0   0   0   4   0   0   0   0   2459   0   0   0   18   0   49   0   1   53   0   0   79   0   13   3   79   36   0   
0   0   66   2   0   49   0   0   3   0   0   0   0   0   0   99   0   0   0   0   45   0   0   0   24   0   0   2   0   2   0   0   14   0   1   8   26   0   0   0   0   13   3   71   248   0   0   0   0   0   0   0   0   4   23   0   6   0   0   12   0   0   55   0   0   0   41   0   0   0   0   0   0   0   0   0   0   0   0   5   22   0   0   6   0   6   0   0   2   10   0   0   0   16   0   0   9   0   3   0   
0   0   3   0   0   4   24   0   1   0   0   12   0   0   0   13   0   49   0   0   0   0   9   0   48   0   0   0   0   0   0   0   0   0   0   1976   1   0   87   10   0   1   0   0   4   0   0   0   0   2   0   0   0   0   0   811   0   95   0   29   0   0   2   0   0   0   0   0   218   0   0   0   0   14   0   0   0   1   6   0   0   0   3   0   3   0   0   0   0   0   0   0   3   0   0   0   0   0   0   0   
0   61   0   96   0   7   0   0   2   0   0   0   0   1   0   0   0   2   62   0   26   0   5   0   0   0   0   0   0   0   0   0   0   37   0   3   0   0   0   18   0   0   0   0   1   0   0   2   0   0   0   0   1   42   0   0   61   0   0   0   0   1   0   0   0   0   15   1   2   3   0   35   2   0   0   98   19   0   1   0   0   0   3   0   0   14   393   6   0   0   21   83   0   6   0   44   0   0   0   0   
0   0   0   3   0   0   0   1   0   0   0   0   0   34   165   0   0   14   0   7   0   72   9   0   0   1   0   0   0   42   5   34   0   28   0   0   0   20   0   2   0   0   0   0   23   0   4   0   0   0   0   0   0   0   0   9   41   91   97   0   0   0   0   0   0   0   0   0   0   0   0   0   0   1   0   2   3   0   0   1   0   0   0   0   2   0   0   9   0   0   0   1   0   0   0   17   28   0   0   0   
0   0   23   0   0   0   0   0   1   0   0   0   0   0   0   0   0   1   1   0   0   0   20   0   0   0   0   12   6   10   0   0   18   0   0   0   5   0   18   0   0   0   6   14   9   0   0   0   19   1   2   0   0   8   0   0   5   0   0   0   2   20   1   121   0   0   0   0   0   0   89   86   0   0   0   18   0   0   0   0   0   2   0   9   0   0   4   0   0   0   13   0   0   0   572   0   47   0   106   9   
0   38   65   0   3   0   13   0   0   0   0   0   0   0   0   377   0   1   21   17   0   0   0   7   0   20   0   0   49   5   6   0   1   0   9   0   19   0   0   0   11   0   0   0   35   0   0   17   31   505   0   4   0   8   15   0   0   156   33   191   0   0   1   0   0   0   0   0   71   0   0   0   2   0   44   47   0   0   0   0   0   0   0   0   0   0   1   0   0   0   0   2   0   97   0   0   17   0   0   9   
2   0   0   0   0   0   0   0   195   0   0   0   4   0   1993   4   302   0   0   0   0   0   0   31   1   2   0   18   3   438   0   0   1   0   2   1   0   0   15   0   0   0   0   11   14   0   38   0   16   0   0   0   61   0   0   3   0   8   0   0   26   0   25   0   0   41   0   159   25   8   0   0   1   0   49   0   2   0   0   21   89   14   0   0   35   0   6   0   0   0   11   20   2   26   34   165   0   0   0   0   
0   0   2   45   0   0   4   19   5   0   0   72   2   302   0   0   1   4   572   14   8   0   0   16   0   6   0   0   0   1   751   0   0   53   0   0   0   0   2   4   0   25   0   0   5   14   2   0   9   0   9   174   1014   5   0   0   0   38   0   2184   130   0   0   0   0   0   1   0   0   0   0   110   0   107   0   0   0   2   0   6   0   0   7   0   48   1   0   0   0   0   188   0   0   49   2   45   0   55   0   0   
2   49   83   0   15   0   0   5   0   0   0   0   0   1   0   0   0   0   5   0   25   0   17   47   0   0   0   0   0   12   0   0   0   0   0   0   0   0   24   3   0   26   0   0   0   0   0   0   0   0   52   0   10   0   0   0   5   2   0   0   135   0   34   0   54   0   47   1   0   0   0   302   0   11   1   0   0   0   0   0   10   0   0   0   36   0   0   0   0   0   0   0   0   0   15   0   24   0   770   0   
0   5   15   0   14   0   0   0   8   0   0   0   0   0   5   0   7   0   0   8   0   0   8   0   0   0   0   5   3   0   0   29   72   8   0   0   0   0   5   0   0   59   5   36   11   40   0   0   0   0   0   0   0   0   91   0   0   0   37   0   0   0   0   0   6   0   0   0   0   15   0   0   0   0   0   0   22   49   39   17   0   0   15   0   36   0   34   0   0   0   0   0   42   0   0   0   0   3   0   0   
0   0   0   23   0   0   0   0   0   0   0   0   129   0   0   33   0   0   0   23   57   0   1014   0   6   0   0   0   0   49   6   6   0   0   0   0   0   0   0   0   48   0   0   2   0   191   83   0   0   0   0   0   0   0   15   0   0   0   11   0   0   0   0   0   5   0   5   8   0   0   0   1   0   16   0   0   26   0   0   0   97   10   5   13   0   0   5   0   0   1   0   165   0   5   0   23   0   0   8   0   
0   0   0   0   0   0   101   0   174   0   0   0   5   5   0   0   751   30   0   64   0   5   5   0   8   11   0   0   18   4   0   0   0   218   3   0   47   78   0   2   19   0   23   0   8   0   0   0   0   259   0   0   0   0   25   0   0   0   0   0   38   106   0   0   5   0   0   3   0   6   0   19   97   0   0   3   0   0   5   0   0   76   0   0   0   0   65   0   0   0   0   15   0   0   0   5   10   0   0   4   
35   0   0   0   0   0   20   5   0   0   0   0   5   341   2   22   1   0   0   0   0   25   18   0   0   0   770   0   0   5   8   0   0   0   0   0   0   126   0   2   0   0   9   0   0   3   0   0   0   0   0   0   0   3   0   0   0   59   8   0   0   174   0   0   0   3   0   0   0   0   389   0   4   0   34   0   0   49   0   0   22   0   57   0   94   1   0   0   0   0   0   0   0   5   148   0   0   0   0   5   
2   0   0   13   0   0   14   28   4   20   2   18   0   0   0   2   0   0   52   0   0   0   389   2   0   0   0   0   0   0   0   3   0   28   2   17   0   0   0   34   0   2   22   0   2   0   3   0   0   5   7   34   0   0   0   0   0   4   0   0   0   38   0   0   0   389   0   1   0   8   0   0   130   0   6   0   14   0   0   0   0   0   0   0   0   36   0   57   89   0   0   5   0   0   1   6   0   0   0   0   
1   0   0   0   0   0   0   59   0   11   38   20   0   0   0   0   14   1   0   0   0   0   389   0   13   0   1   45   0   0   0   0   5   0   0   36   0   0   0   0   0   0   0   0   0   0   0   0   9   36   0   0   38   0   0   0   0   34   0   2   0   0   0   0   39   0   572   0   2   0   72   12   21   0   0   0   0   9   54   1   42   8   0   11   0   0   0   1   1   0   58   0   1   2   0   0   0   0   0   0   
0   0   91   35   0   0   7   0   1   3   0   0   0   0   0   0   8   18   39   0   26   0   159   9   0   0   3   0   123   751   0   0   0   0   0   1   0   0   0   0   0   5   0   2   9   0   2   34   0   9   0   0   1   3   0   0   0   0   4   0   15   0   0   0   0   0   0   0   0   1   0   21   0   0   377   0   0   0   2   0   0   0   13   2129   1   0   0   0   28   0   5   205   0   0   1   8   0   1   0   15   
36   0   0   0   1   0   0   0   0   0   0   0   0   4   0   0   0   0   0   1421   0   2   0   0   0   18   0   6   1   0   0   2   0   16   0   0   6   0   0   0   10   25   93   0   0   505   0   0   0   0   0   22   0   0   0   0   14   13   0   0   0   0   0   0   0   30   0   37   191   0   2   0   0   6   0   0   0   0   18   302   13   13   0   0   0   0   0   0   0   26   0   0   0   0   54   0   2   0   0   0   
59   148   19   158   58   0   0   0   0   0   0   66   5   2   0   0   0   0   0   30   0   86   0   0   0   158   0   12   0   0   0   0   0   259   0   132   15   0   0   0   0   0   0   1   0   0   0   0   0   47   1   18   0   0   0   0   0   0   0   0   16   191   0   0   0   1   0   0   0   5   0   1   89   11   0   0   2   1014   0   19   0   0   0   94   0   0   6   0   0   0   0   0   0   0   0   0   0   21   0   0   
0   0   0   0   2   1   0   22   0   0   0   0   259   0   0   0   0   17   0   0   0   0   0   20   1   0   0   1   5   4   26   18   0   1598   0   0   0   6   0   0   0   0   0   0   1   18   39   0   0   0   0   37   0   3   0   2   2   0   0   0   0   0   79   0   0   0   0   83   0   0   20   0   0   0   0   0   0   0   0   0   15   7   36   0   0   0   0   0   5   0   71   0   54   0   81   0   216   158   0   0   
7   18   0   0   0   0   0   0   9   0   0   0   0   0   0   0   0   0   0   8   59   0   18   0   0   38   17   0   6   0   0   0   4   0   8   0   0   0   62   0   6   17   0   3   0   0   0   1   0   0   14   0   0   2   0   1   0   22   0   0   61   0   0   0   5   0   0   9   5   0   0   0   2   0   0   0   0   0   37   0   0   0   0   0   0   0   0   216   37   0   0   0   19   13   101   0   0   0   10   4   
0   0   0   14   0   0   1   0   113   0   0   0   0   0   0   47   6   0   0   0   1   0   0   11   0   53   0   6   3   0   0   15   0   0   0   0   87   0   0   0   16   0   0   0   0   191   0   1   0   1   0   10   0   5   249   0   8   0   20   0   2   0   106   8   0   18   0   0   0   0   0   119   16   8   0   0   65   0   0   26   5   0   8   0   0   0   0   0   0   9   0   42   2   0   0   0   50   0   0   0   
0   0   3   9   0   0   25   8   6   0   95   94   0   0   126   36   18   0   0   0   0   0   0   0   0   530   0   0   0   0   9   0   28   175   0   0   0   0   26   0   38   0   0   0   0   0   0   0   0   45   15   5   50   0   0   0   0   0   0   0   0   0   0   20   154   487   19   0   0   0   0   0   0   0   0   98   0   0   26   0   0   0   1993   0   0   0   76   0   0   0   0   5   0   39   0   3   0   90   0   15   
2   20   0   5   0   0   0   0   0   72   0   0   0   248   14   209   0   13   0   0   18   0   0   0   9   0   0   0   0   0   13   0   25   0   0   0   24   0   0   1   3   0   0   0   20   6   0   5   0   0   0   24   0   0   0   36   6   0   0   10   18   0   165   0   0   1   0   0   0   0   3   0   0   0   0   0   0   5   2   0   0   0   0   0   0   0   0   0   0   18   0   1   0   40   0   0   0   0   0   0   
0   0   5   0   4   0   0   0   0   0   9   0   0   0   1   0   0   0   0   0   0   0   37   0   0   0   505   42   37   0   0   5   0   0   15   0   0   0   34   0   0   0   13   0   2   0   33   3   20   0   0   0   1   2   0   36   0   8   0   0   16   47   0   6   0   0   0   0   0   0   0   98   2   0   2   0   4   0   0   0   8   0   0   0   0   119   0   1   0   8   0   0   3   414   0   0   1   0   110   443   
47   0   0   4   24   90   0   26   3   0   50   0   0   0   0   0   0   132   0   0   8   0   0   0   9   0   0   0   0   0   0   1   0   0   0   0   0   0   13   0   47   2   0   7   0   0   37   2   0   158   16   0   0   0   0   0   0   78   0   0   0   6   8   0   191   0   0   0   0   0   7   0   0   0   0   0   0   6   8   0   0   0   3   0   2   2184   10   8   302   0   0   0   6   0   2   0   0   0   0   0   
4   0   0   0   11   0   0   8   0   5   0   1   0   0   0   0   0   2   30   0   0   0   0   97   0   13   19   0   0   47   0   302   29   0   0   0   0   0   15   0   0   1   0   0   8   0   1421   0   0   5   0   17   0   0   13   0   7   0   10   0   25   1   1   1993   11   0   0   0   0   0   0   0   0   13   918   11   0   0   0   0   0   0   0   3   0   71   11   0   0   0   0   0   0   0   0   0   0   0   314   0   
0   0   0   17   0   0   0   10   110   0   15   0   1   5   0   1   0   0   0   0   39   0   0   1   0   23   212   132   0   1   0   8   0   0   13   0   2   0   0   3   0   4   25   0   0   0   4   20   0   0   0   0   0   0   0   49   0   0   0   0   9   0   0   0   23   0   0   8   0   0   6   2   0   0   0   0   0   12   0   0   0   0   3   0   0   0   3   0   0   0   2   0   0   1976   0   0   0   0   0   83   
0   0   0   0   7   0   0   0   174   0   0   17   1   0   0   572   59   0   0   0   0   0   0   8   0   3   17   0   36   0   0   0   0   0   0   0   0   0   0   0   1   0   5   0   6   0   10   3   0   81   15   1   0   0   123   0   0   0   13   5   0   0   0   3   2114   0   0   0   0   11   20   126   25   0   0   0   0   16   8   22   0   7   135   0   0   26   0   212   3   0   0   0   0   5   0   0   19   0   0   10   
0   0   0   0   0   0   0   0   81   12   83   81   0   39   0   13   0   12   0   0   45   66   11   0   175   20   0   0   0   0   0   0   0   10   31   0   0   0   0   0   0   11   0   9   0   0   74   0   0   0   19   0   0   205   0   0   12   31   14   0   0   0   389   0   0   4   1   0   16   0   0   3   0   0   0   0   770   0   0   9   0   5   47   12   0   0   42   2   47   0   38   0   0   0   1   0   0   19   0   1   
2   0   0   1   0   0   0   0   6   7   0   0   0   0   0   0   0   0   0   0   17   0   1   0   0   0   39   0   0   5   0   1   0   0   110   0   0   95   48   0   0   8   38   0   5   87   0   0   0   0   2   11   0   1   5   0   17   0   0   96   3   0   0   24   0   2   0   119   0   0   37   18   1   25   0   0   0   0   21   0   3   2   8   34   0   15   0   0   0   0   0   0   0   0   369   0   2   0   0   0   
0   0   0   0   0   62   0   74   0   0   0   0   0   0   12   0   0   255   0   14   34   2   34   3   129   1   0   36   0   0   47   3   1   214   8   0   14   0   39   158   0   61   0   0   38   1   11   0   3   0   14   0   15   0   18   0   369   0   0   0   26   95   0   21   0   86   0   0   8   3   0   8   0   1   0   2   0   0   0   113   0   0   218   0   1   165   3   0   0   0   0   0   0   18   14   0   0   0   94   0   
0   8   38   45   0   0   20   91   0   0   0   0   0   0   3   0   13   1   0   3   1993   0   0   0   0   5   4   39   0   0   0   0   0   0   1   0   0   0   0   7   0   0   3   6   0   1   0   57   248   545   0   40   97   0   23   0   96   9   0   0   0   0   33   0   5   0   0   0   0   3   48   0   11   0   0   0   0   158   0   0   209   3   0   0   33   23   0   0   0   209   0   5   0   302   0   28   0   12   0   0   
20   5   0   0   0   18   83   8   259   0   0   0   18   0   0   0   14   0   15   0   0   66   0   0   4   0   8   15   0   0   0   0   18   0   38   20   9   0   0   0   0   76   38   1014   38   16   0   21   0   0   212   0   71   0   0   22   0   0   0   0   0   0   0   0   22   0   5   106   811   0   0   0   0   55   0   0   0   0   0   0   5   0   0   9   3   0   0   0   0   5   45   389   55   3   0   0   0   0   0   0   
30   0   0   47   0   0   0   188   20   55   53   0   0   0   0   0   18   0   0   4   0   0   0   47   0   5   0   0   35   39   0   0   12   0   2   0   188   0   0   48   0   17   10   1   0   0   0   0   0   4   0   0   0   0   0   0   9   0   0   8   0   0   0   0   0   0   0   0   0   0   0   0   0   22   0   0   0   15   0   0   0   0   0   59   23   0   0   0   0   71   0   702   0   0   0   15   0   9   0   2   
0   0   0   0   3   0   20   0   13   1   91   0   0   0   22   0   0   0   0   0   4   0   0   0   0   0   0   0   20   0   0   0   0   0   9   0   1   1   0   2   0   20   0   15   0   0   0   3   19   255   0   0   0   0   2   302   0   1014   0   10   0   0   1   76   0   0   0   0   0   0   443   0   0   0   0   0   1   0   0   0   0   0   13   0   54   0   55   7   91   0   15   0   0   0   0   0   0   0   5   0   
1   0   0   0   0   0   0   34   34   8   0   0   14   38   0   2   0   0   0   0   0   0   2   0   0   2   0   5   0   0   1   0   0   12   0   0   0   0   1   39   9   3   3   83   47   0   0   0   0   0   6   0   0   0   0   377   0   9   0   36   377   0   0   0   1   0   40   0   0   0   0   0   15   0   0   1   0   2   0   0   1   0   0   0   0   0   0   5   0   0   0   0   0   0   0   0   0   0   0   2   
59   0   0   0   0   0   0   38   2   8   1   0   0   0   2   54   15   0   0   0   0   5   0   0   0   206   0   94   0   0   0   0   0   0   0   12   5   0   0   0   14   0   0   0   0   5   0   4   13   0   0   4   4   0   26   1   0   97   19   0   76   45   191   0   0   0   37   0   11   0   0   0   0   15   0   0   18   0   0   0   0   2   0   0   259   0   0   0   0   0   0   0   0   8   11   0   0   1976   1   48   
0   0   0   0   54   0   0   0   0   0   0   302   4   5   13   0   12   1   0   0   0   0   0   0   18   2   50   14   0   35   1   0   5   0   0   0   0   0   702   3   9   0   0   14   38   0   0   0   0   22   918   0   0   0   0   5   0   0   0   0   0   39   0   1   0   18   0   1   19   0   53   0   0   4   0   13   244   3   22   36   0   0   0   0   0   0   0   0   40   0   0   5   14   0   0   0   2   0   3   2184   
255   0   0   0   4   97   0   0   0   6   39   0   0   0   0   0   0   0   33   0   2   0   0   1   0   0   0   3   0   2   15   0   0   22   0   0   0   0   0   1   1   0   0   36   0   0   0   6   2   76   0   0   0   0   0   0   19   377   1421   0   0   0   0   0   28   5   0   0   23   0   0   1059   0   0   0   0   38   21   0   0   0   1   0   6   37   0   5   0   0   9   12   0   1   0   0   0   0   191   0   0   
0   24   9   37   0   0   2   0   45   0   1421   0   0   0   0   0   0   0   0   0   0   0   0   0   4   0   0   0   0   0   1   0   0   0   0   57   0   11   0   341   0   0   50   0   0   0   0   0   2   18   0   41   0   0   0   36   0   0   1   49   1   0   0   3   87   55   0   0   0   0   0   31   0   26   0   96   0   0   83   0   4   4   0   0   18   0   0   0   0   2   12   1   0   242   0   17   0   0   0   83   
13   0   0   4   0   20   0   0   0   9   7   0   0   0   0   0   0   9   0   0   0   0   0   0   0   2   0   0   0   7   0   0   79   0   1   113   0   15   0   302   0   5   2   0   0   0   0   2   0   0   0   0   0   0   0   0   14   7   0   0   0   0   0   0   9   0   5   3   1   0   3   126   0   0   0   1   0   0   0   0   1100   0   0   0   0   5   0   0   71   0   0   20   0   0   23   15   4   0   0   14   
0   0   0   91   21   3   0   0   49   0   0   0   0   0   0   1   0   0   5   0   0   0   15   0   1421   0   0   0   1   1993   0   0   0   0   3   13   0   0   0   0   0   0   0   0   48   0   0   0   23   0   0   113   0   0   15   0   0   0   0   7   114   205   0   6   123   0   0   0   0   17   0   0   0   36   0   10   0   0   0   0   26   1   0   0   5   0   0   21   0   0   12   11   1   21   14   0   1   0   0   0   
0   0   0   66   97   0   0   62   1   0   0   0   17   0   0   0   0   0   0   0   0   2   0   55   15   2   10   0   0   1   0   0   38   0   0   4   0   10   0   0   2   0   0   1   0   3   0   0   0   71   4   0   702   1   0   7   0   0   79   0   0   0   0   1   0   0   113   0   0   1   0   0   119   0   0   1   0   0   4   0   36   5   64   0   0   0   0   0   0   0   0   0   0   0   0   0   0   12   9   2   
0   3   0   45   0   2   0   2   0   0   71   0   8   0   26   0   2   11   0   0   0   0   7   0   0   0   0   0   2   0   0   0   0   132   0   0   0   16   0   0   0   0   0   0   0   0   0   40   72   0   9   0   0   2   0   0   0   0   5   0   1   4   36   13   0   0   7   0   12   2   0   0   42   10   0   0   294   1   0   0   4   0   11   0   0   0   0   0   55   0   0   47   0   0   60   0   3   0   5   23   
0   0   0   0   0   6   0   0   1   0   0   39   7   0   0   5   0   48   0   0   0   212   0   0   96   0   0   6   0   0   0   0   0   13   0   0   0   0   0   0   0   0   83   38   0   0   0   12   0   0   0   0   0   0   0   0   4   0   17   2   6   130   0   14   30   26   0   0   62   20   22   0   0   154   0   0   0   10   0   26   0   0   0   0   0   0   4   1   0   0   0   0   135   0   12   0   0   5   0   0   
1   0   0   6   0   3   0   2   0   0   0   0   26   6   0   0   0   0   158   0   0   1   0   1   0   0   0   34   0   0   13   0   0   16   0   0   2   0   0   0   0   0   14   19   0   0   0   0   0   0   0   0   6   0   0   0   0   188   0   0   0   0   0   0   0   0   0   0   16   0   0   0   0   191   0   10   0   39   0   0   0   393   0   0   6   114   0   0   42   30   0   0   0   25   38   0   10   1100   3   0   
36   1   0   174   48   0   0   3   0   0   2   0   0   0   0   15   129   0   34   0   0   8   0   18   0   0   0   0   0   0   65   0   3   0   0   0   0   10   9   0   7   24   0   0   15   0   0   1   1   165   3   39   0   0   0   4   0   0   16   0   0   0   1   0   0   121   0   50   4   7   106   188   1   0   0   0   0   5   0   0   0   0   0   20   0   0   0   0   0   106   50   0   0   0   0   8   0   0   0   15   
0   0   0   0   0   18   0   106   0   0   0   0   0   156   0   36   0   0   0   40   0   0   26   0   0   0   0   49   0   0   0   0   0   0   21   0   71   21   18   14   0   26   0   0   1976   0   0   1   0   0   0   0   0   47   0   0   2   1   0   0   8   0   6   57   34   0   0   0   30   0   0   31   4   0   0   0   0   7   0   0   6   0   1   14   0   0   36   0   0   0   0   0   212   15   0   0   0   15   4   0   
28   0   10   0   0   0   87   1   0   0   0   0   2184   106   0   0   0   811   7   5   0   0   0   2   0   0   0   31   0   0   18   0   0   0   11   8   0   14   0   0   0   83   0   15   0   0   0   0   0   0   0   4   0   0   34   0   0   6   0   0   0   0   3   20   0   21   0   0   0   16   28   1   0   0   49   702   13   37   0   0   0   175   0   0   0   132   0   0   0   0   0   2   0   119   0   0   30   0   0   0   
0   1   0   0   18   31   0   1   0   0   0   0   0   0   0   0   0   0   0   2   0   130   33   0   0   55   0   0   0   49   2   0   0   41   0   2   1   0   0   0   0   0   20   0   0   0   0   8   0   10   20   0   0   0   16   14   6   34   5   0   23   0   0   0   0   1   30   0   0   24   0   0   0   0   33   0   2   38   0   20   2   0   18   0   36   0   0   1   0   93   0   0   0   0   0   0   0   0   0   14   
0   0   4   0   0   0   0   9   0   0   3   8   0   0   0   1   298   28   0   3   0   0   0   0   18   66   0   0   36   18   0   0   31   0   0   0   0   0   0   30   0   0   0   15   17   16   0   0   0   20   18   377   0   0   66   0   0   0   0   0   59   0   8   0   57   0   9   126   0   50   0   0   0   0   0   0   9   61   0   0   1   10   0   18   0   0   0   0   0   14   0   0   0   258   31   0   0   0   0   0   
15   2   0   0   0   0   0   0   47   0   0   0   0   0   0   0   0   0   15   0   0   2   0   1   0   0   0   2   30   0   0   0   18   2   0   0   34   0   0   0   3   0   0   9   0   0   0   0   4   4   0   0   0   0   3   0   0   0   0   14   0   5   0   0   0   19   0   12   1   0   0   0   0   0   0   0   0   0   0   0   0   6   0   0   0   0   0   93   0   50   0   0   76   0   0   0   0   0   0   0   
0   15   0   0   2   0   3   0   0   0   0   0   104   1   0   0   0   0   0   1598   4   5   0   40   0   1   97   8   0   0   0   0   0   0   0   0   0   0   23   0   255   0   0   0   0   3   0   6   0   0   0   0   0   214   0   0   0   0   0   0   0   2   0   0   218   0   0   0   19   0   0   0   0   12   0   0   0   30   2   9   0   0   702   0   0   2   0   72   0   0   0   0   2   0   121   0   0   0   0   0   
