100
0   0   0   19   0   0   0   0   0   0   0   0   12   0   0   2   0   0   0   0   0   0   0   0   0   0   0   0   0   0   0   0   0   38   0   80   2   0   0   28   0   6   1   0   0   0   0   0   0   5   0   9   0   0   0   2   0   0   0   45   50   0   0   0   0   0   0   0   0   10   0   0   0   0   0   0   0   0   0   0   0   0   0   0   0   11   0   7   0   2   0   0   0   0   0   0   0   0   0   0   
0   0   0   0   0   85   0   0   0   0   27   0   0   0   0   0   0   0   0   0   0   0   0   0   0   0   0   13   7   0   112   0   0   0   0   0   0   0   0   0   0   4   0   0   0   0   0   0   0   0   0   0   13   100   0   0   627   0   0   0   0   0   0   0   0   0   0   0   0   0   0   51   0   0   0   0   0   0   0   0   0   0   0   0   0   0   0   0   0   4   0   0   0   2   0   0   0   0   0   0   
0   0   0   0   0   0   0   0   0   0   0   0   0   0   0   0   0   0   0   0   0   0   0   0   0   0   0   0   0   0   0   11   0   0   26   0   0   0   0   0   0   0   0   0   0   0   0   0   0   50   0   0   0   0   0   0   0   0   5   0   0   0   449   0   0   0   0   0   18   0   1   0   0   0   0   253   0   0   0   1   5   0   0   0   0   0   0   42   0   0   0   0   0   0   0   9   0   0   0   0   
0   0   0   0   0   38   0   0   3   22   0   0   0   0   0   0   0   0   0   482   0   0   0   7   0   0   0   0   0   0   0   0   0   0   13   0   0   0   0   0   17   0   1   0   0   0   0   0   0   161   0   0   0   0   0   0   2   0   0   0   0   0   0   0   0   0   0   37   0   0   0   0   0   0   0   0   0   0   0   0   0   0   0   0   0   28   0   0   3   0   37   0   0   0   0   0   1   0   0   9   
0   0   0   0   0   0   0   0   0   0   0   14   0   0   0   0   0   0   0   0   0   0   0   0   0   0   0   230   0   0   0   0   0   10   0   0   0   0   0   5   13   0   48   7   0   0   2   28   4   0   449   0   1   0   676   0   0   0   3   0   0   0   0   0   1   0   13   0   0   0   0   0   0   0   0   0   0   86   37   0   0   0   0   0   0   0   1   0   56   0   0   0   0   0   241   482   0   0   0   0   
0   0   0   0   0   0   0   0   0   0   0   1   0   0   0   0   51   0   0   0   0   0   0   0   0   0   0   0   0   0   0   0   0   0   2   0   14   0   0   68   0   0   0   3   0   0   0   0   18   0   0   0   0   0   0   0   1   0   0   0   0   0   0   0   0   0   6   0   0   0   0   0   0   0   0   0   0   0   0   0   0   0   0   0   0   0   0   0   0   0   0   30   0   0   0   0   0   0   0   0   
0   0   0   0   0   0   0   0   2   0   0   0   3   0   0   0   0   0   0   0   0   0   0   0   0   0   0   0   0   0   0   0   0   9   0   23   0   0   2   0   0   0   0   0   0   0   1149   0   1   0   12   0   0   0   0   0   0   0   0   0   0   1   0   0   0   4   0   0   1   0   0   0   0   0   0   0   0   0   204   0   0   0   0   0   0   0   13   0   0   0   0   0   0   0   0   0   22   0   0   0   
0   0   0   0   10   0   0   0   1   0   0   0   0   0   0   0   0   0   0   0   0   0   0   18   676   0   0   0   0   0   0   0   0   0   0   0   0   0   0   0   0   0   0   0   0   0   0   0   14   0   0   1   0   0   0   0   0   0   0   0   0   0   0   0   0   0   0   0   0   0   26   0   0   0   0   0   0   30   0   0   0   0   0   0   0   2   219   0   1   0   0   0   0   0   0   0   0   0   0   0   
0   11   0   0   0   0   0   0   0   0   0   0   51   0   0   0   0   0   3   0   2   0   0   0   0   0   0   0   6   0   0   0   0   0   0   0   0   0   0   0   9   0   0   0   0   0   0   0   0   5   0   0   13   0   0   0   0   0   449   16   0   0   1   0   3   0   0   0   0   0   0   0   3   0   11   7   0   0   0   0   0   0   10   0   0   0   0   0   0   0   0   14   0   0   0   0   0   0   0   0   
0   0   0   0   2   0   0   0   0   0   0   3   2   0   0   0   0   0   0   0   0   0   0   0   0   0   0   0   0   5   0   0   4622   0   0   0   0   0   0   0   0   230   0   0   0   0   22   0   49   0   0   0   0   0   0   0   0   0   0   0   14   0   0   1   0   0   0   0   5   0   38   0   0   0   0   0   0   0   0   0   0   0   0   0   0   0   0   0   0   14   0   0   0   0   0   0   0   0   0   0   
0   0   0   0   0   0   0   0   11   0   0   0   73   0   0   0   0   4   0   0   0   0   0   0   0   0   0   0   0   0   0   0   0   0   0   0   27   0   0   0   0   123   0   0   0   0   0   0   0   0   0   0   0   0   0   0   0   0   0   0   0   0   0   0   0   0   0   0   0   2   0   0   0   0   0   0   0   0   1   0   0   0   5   0   0   0   0   0   0   31   0   0   0   0   9   0   0   0   0   0   
0   0   0   0   2   0   0   0   0   0   0   0   73   10   0   12   0   0   0   0   0   120   0   50   68   37   0   0   0   0   0   0   0   0   0   0   0   0   12   55   0   0   0   0   0   2   0   0   0   0   0   0   0   0   0   0   0   0   0   0   0   0   0   0   0   0   0   0   5   0   85   1   0   0   0   0   0   0   0   862   0   0   0   0   0   1   0   0   15   0   0   0   0   0   0   3   0   0   0   0   
0   0   0   10   0   13   141   0   0   0   0   0   0   0   0   0   0   0   0   0   0   0   0   0   28   10   0   0   0   0   0   0   1   0   0   0   8   0   0   0   0   0   0   0   0   0   0   0   0   0   0   0   0   1   31   0   0   0   0   0   0   22   0   0   0   0   5   0   0   19   0   0   0   0   0   0   3   0   0   0   0   0   0   0   0   28   0   0   0   11   0   0   99   0   0   0   0   0   0   0   
0   0   0   0   22   0   0   0   4   0   0   0   0   0   0   0   0   0   0   0   0   0   0   0   0   0   0   0   0   0   0   0   0   0   11   0   0   0   0   0   0   25   0   0   0   0   0   0   0   13   0   0   9   0   0   0   0   0   0   0   30   0   0   0   0   0   0   3   0   8   0   0   0   0   0   0   0   10   0   0   0   0   2   0   0   0   9   2   0   0   0   0   0   0   2   0   0   0   0   0   
0   17   4   0   5   0   0   0   22   0   0   0   0   1   0   0   86   0   0   0   0   0   0   45   0   0   0   0   0   0   0   0   0   0   0   0   0   0   0   0   1   0   0   0   0   0   0   0   0   7   0   2   12   0   0   0   0   0   0   0   0   0   0   0   0   0   0   0   6   0   0   0   49   0   0   0   0   0   0   0   0   0   0   0   12   0   0   0   0   0   0   11   0   0   0   0   0   0   20   0   
0   0   0   0   0   0   0   0   0   0   0   0   0   130   0   0   1   0   30   0   0   0   0   0   0   0   0   0   0   0   0   0   2   0   0   0   0   0   0   0   0   0   0   0   0   11   0   0   0   0   0   0   0   0   4   0   0   0   0   0   0   0   0   0   0   0   0   0   0   0   0   0   0   0   112   0   4   0   0   0   0   0   0   0   4   0   7   0   28   0   0   0   0   0   6   0   449   0   0   0   
0   0   0   0   0   0   0   0   5   0   0   0   0   0   0   0   0   0   0   0   0   0   38   0   0   0   0   0   1   0   0   0   0   0   8   9   0   0   0   0   0   0   0   0   0   0   0   0   0   0   0   0   26   0   0   0   0   0   0   0   0   0   0   0   0   0   0   0   0   0   0   0   0   0   0   0   0   23   0   14   0   0   0   3   0   27   0   18   1   0   5   0   13   18   0   0   0   0   0   676   
0   0   0   0   4   0   0   0   0   0   0   0   0   0   0   0   0   0   5   1   0   0   0   0   0   0   0   2   0   0   0   0   0   0   0   0   31   0   0   0   0   0   0   0   0   0   0   0   0   0   0   0   0   0   0   0   0   0   0   0   11   0   0   0   0   0   0   3   0   0   0   0   0   0   0   0   0   0   0   0   0   1   0   0   0   0   0   0   0   0   28   0   0   0   0   0   0   0   0   0   
0   0   0   0   0   0   0   0   0   0   0   0   0   5   0   0   0   11   0   3   0   0   0   0   0   0   0   0   0   0   0   0   0   0   0   7   10   0   0   0   0   0   0   0   19   0   0   0   4   0   0   0   0   0   31   0   0   15   0   0   0   0   1   0   0   0   0   0   0   0   0   0   0   0   0   0   9   0   0   0   0   5   0   0   0   0   0   0   0   0   0   5   0   0   0   0   0   0   0   0   
0   0   0   0   0   27   0   0   0   50   0   0   101   0   0   0   0   0   0   0   25   0   0   0   6   0   0   0   0   9   269   627   0   0   0   0   0   0   0   0   0   11   0   2   0   0   0   0   0   7   0   14   0   0   0   0   11   0   0   0   13   0   0   0   0   0   0   0   0   0   0   0   0   0   0   0   0   0   0   0   23   0   20   0   0   0   0   0   0   0   0   0   0   11   0   0   0   0   0   241   
0   0   0   0   0   0   0   0   0   0   2   0   0   3   0   0   22   0   0   8   0   0   0   0   0   0   0   0   0   3   0   0   0   0   0   0   0   0   0   9   0   123   99   0   45   0   0   0   0   0   0   0   6   0   0   0   0   37   0   0   0   0   0   0   0   0   2   0   0   0   0   0   0   0   0   0   0   0   0   0   0   0   1   0   0   31   0   0   0   0   0   0   0   0   0   0   0   0   0   0   
0   0   0   2   0   0   0   0   0   0   48   0   0   0   0   5   0   0   0   0   0   0   0   0   0   0   0   0   0   0   14   0   0   0   0   0   0   0   0   0   0   0   0   0   0   0   0   0   0   0   0   9   0   0   0   0   0   0   0   328   0   0   0   0   0   0   0   0   0   0   0   11   0   2   0   0   0   0   0   0   0   0   0   0   0   0   0   0   0   0   0   0   0   0   0   0   0   0   0   0   
0   50   0   0   0   0   0   0   0   0   0   0   0   0   5   0   0   0   0   16   0   0   0   0   0   0   0   0   0   0   0   0   0   0   0   0   0   0   0   0   0   0   133   0   0   0   0   0   0   0   0   0   0   0   80   0   0   0   0   0   0   0   26   45   0   0   0   31   0   0   26   0   0   0   0   0   0   37   0   0   4   0   0   0   0   0   0   0   0   627   0   0   0   0   7   0   0   0   6   0   
0   0   0   0   0   0   0   0   0   0   0   0   0   0   0   0   0   0   0   3   0   33   0   0   0   0   0   6   0   0   0   0   120   0   0   0   0   0   2   0   0   0   0   0   6   0   0   0   0   0   0   0   0   0   0   0   0   4   0   0   2   73   0   0   0   0   0   0   0   0   0   0   0   0   0   0   0   4   0   5   1   0   0   2   0   0   0   0   0   6   0   4622   0   0   0   10   0   0   0   0   
0   0   4   0   0   0   0   0   0   0   0   0   0   1149   0   0   0   0   0   0   0   0   0   0   0   0   0   0   0   0   0   0   0   0   0   0   0   0   0   0   0   0   0   0   0   253   0   1   0   0   0   0   0   0   0   0   0   0   0   0   0   0   0   141   9   0   0   0   0   0   0   0   0   0   7   0   0   0   0   0   0   0   0   0   0   0   0   0   65   0   0   0   437   0   0   0   0   0   0   0   
0   0   3   0   0   7   14   0   0   0   86   0   0   0   55   9   0   0   0   0   0   0   0   0   0   0   19   0   0   0   0   0   0   0   0   0   0   0   0   0   0   0   0   1   4   9   56   17   0   0   100   0   2   0   1   0   0   100   0   0   0   0   0   0   0   0   0   0   0   0   0   0   0   0   26   0   0   0   0   0   0   0   0   0   0   0   0   0   0   0   0   0   0   0   0   0   0   0   0   0   
0   0   0   0   0   0   0   0   0   0   0   0   0   0   0   0   0   16   0   0   0   0   0   0   14   0   0   6   0   0   0   0   0   0   0   9   0   0   1   0   0   6   0   0   0   0   0   0   0   4   0   0   0   0   0   0   9   0   0   0   0   0   0   0   0   0   0   0   14   3   0   0   0   0   0   25   7   3   0   25   37   0   0   0   37   0   0   0   0   0   0   0   0   0   3   0   0   0   0   0   
0   0   0   4   0   4   0   0   0   5   0   0   51   0   2   0   0   0   0   0   0   0   0   0   0   12   0   0   51   0   0   2   0   0   0   0   0   0   3   0   0   0   0   0   0   133   0   0   0   0   0   0   253   0   29   0   0   0   0   0   14   0   0   0   0   0   0   3   2   0   1   0   0   0   0   0   0   0   0   0   0   13   2   0   0   0   0   0   0   0   0   0   0   0   0   0   0   0   0   0   
0   0   0   0   0   0   0   0   0   66   0   0   0   0   0   31   0   0   0   5   0   8   0   0   0   0   73   4   0   0   0   0   0   0   0   0   0   0   0   0   0   0   5   0   0   4   0   0   0   0   0   0   0   0   0   0   0   0   0   0   0   0   0   0   0   0   0   417   0   0   0   0   0   0   437   0   0   0   0   0   0   0   15   0   0   0   0   0   0   0   0   0   0   0   0   0   0   0   0   0   
0   131   0   0   0   0   0   0   0   0   0   0   9   0   0   253   0   0   0   0   0   0   0   0   0   26   0   0   0   0   0   27   0   0   0   0   0   0   0   13   0   0   0   11   0   12   0   0   0   0   0   0   0   0   0   0   0   0   0   0   0   0   0   0   0   0   0   0   0   0   0   1   0   0   0   0   0   0   0   0   0   0   0   0   0   0   0   0   0   0   0   19   0   0   0   0   0   0   0   0   
0   0   3   0   0   10   0   0   0   0   0   0   0   0   0   0   0   0   0   0   0   0   0   0   0   0   0   0   0   0   0   6   0   0   0   0   0   0   0   65   0   0   0   0   0   0   0   0   0   0   0   3   0   11   0   21   0   0   0   0   0   0   0   0   0   0   0   0   0   0   0   0   0   14   0   2   0   0   0   0   0   0   0   0   0   0   0   0   0   0   0   0   180   0   2   0   0   0   0   0   
0   0   0   0   0   0   26   0   0   11   0   0   0   0   0   0   0   0   0   0   0   2   0   0   0   0   0   0   2   0   0   0   13   0   0   0   0   0   11   0   0   0   0   0   0   0   0   0   14   0   0   0   0   2   0   0   0   0   0   0   0   0   1   0   0   0   0   0   0   0   0   26   0   80   1   5   0   0   23   3   55   0   862   56   0   0   0   0   0   0   0   0   0   0   204   0   0   0   33   0   
0   0   3   0   1   0   0   253   0   3   0   0   0   0   0   0   0   0   0   0   0   0   6   0   0   0   0   4   0   0   2   0   0   0   0   180   0   0   0   0   0   15   0   0   0   45   0   0   0   0   0   0   0   5   0   4   0   0   0   0   0   23   1   0   0   0   0   0   25   0   0   0   0   0   0   0   0   0   9   0   0   17   0   0   0   0   0   0   0   0   0   0   0   0   0   0   0   0   0   0   
0   17   0   0   9   0   22   0   0   0   0   13   0   0   0   0   0   0   5   80   0   0   0   0   0   61   0   416   0   0   130   0   0   0   0   0   0   0   0   0   15   0   0   4   2   0   22   0   0   0   0   0   0   0   0   0   0   0   0   0   0   0   0   0   0   0   0   0   0   0   0   0   0   0   47   0   0   0   0   0   0   8   5   5   133   1   0   0   0   0   0   0   0   0   0   0   0   0   4   20   
0   0   0   0   0   0   0   0   0   0   0   0   0   0   0   0   0   0   0   0   0   0   8   0   0   0   0   0   40   0   0   0   0   0   0   0   0   7   0   0   0   0   0   2   0   0   0   14   0   0   0   0   0   0   3   0   0   14   37   0   0   28   0   0   0   0   0   1   0   17   0   0   5   0   0   0   0   0   0   0   7   0   19   0   0   0   0   0   0   0   4   0   0   0   0   0   2   0   0   0   
0   0   25   0   0   0   0   28   0   0   0   0   0   0   0   0   28   0   0   0   0   1   0   0   0   0   0   0   0   0   0   12   0   0   0   0   0   0   1149   0   0   0   0   0   0   0   0   0   0   0   0   18   0   0   0   0   0   0   0   0   0   0   22   0   0   0   0   0   0   0   0   66   0   0   0   0   1   0   0   0   0   0   3   0   0   0   0   0   0   0   0   0   0   0   0   0   0   0   0   0   
0   0   0   0   0   0   0   0   0   0   726   13   0   0   0   0   0   0   0   0   7   0   0   0   73   0   0   0   0   0   0   4   0   0   0   0   0   10   0   0   0   15   0   0   0   0   0   0   0   0   2   0   0   0   0   0   0   0   0   0   0   0   0   0   0   0   0   0   0   0   0   1   0   0   0   1   0   0   0   0   0   0   0   0   27   0   0   0   0   0   0   0   0   0   5   0   0   0   8   0   
0   9   0   0   0   15   0   0   0   0   0   0   0   0   0   66   0   5   47   0   0   0   0   0   0   0   0   0   0   0   0   0   0   10   0   5   0   0   0   0   0   0   0   0   0   0   0   0   0   0   0   0   4622   0   30   5   0   50   0   0   0   2   0   0   0   0   27   0   112   0   0   0   0   0   0   627   0   42   0   0   0   0   0   5   0   0   0   0   0   0   0   0   0   0   0   0   0   0   0   0   
0   0   0   0   0   0   0   0   0   1   0   0   0   0   0   0   0   0   0   0   0   0   5   0   0   0   0   0   0   0   0   0   133   0   0   0   0   0   0   0   0   0   2   0   0   0   0   0   0   0   0   0   28   0   0   0   0   0   0   0   0   1   0   0   0   0   0   0   37   0   0   0   0   0   0   0   30   0   0   0   0   0   6   0   0   0   0   0   0   0   9   0   0   726   0   0   0   748   0   0   
0   0   0   1   68   22   0   0   0   0   0   0   0   0   0   0   0   0   0   0   0   0   12   0   0   0   0   0   0   0   0   0   0   0   0   0   0   0   0   0   0   0   0   0   0   0   0   0   0   13   0   0   0   50   1   0   0   55   0   49   2   0   0   0   0   0   0   0   0   0   0   0   0   0   0   0   99   0   0   0   0   0   0   0   0   0   0   0   0   0   0   0   0   0   0   10   2   0   0   0   
3   3   16   0   2   0   0   10   0   0   0   0   0   0   0   0   0   0   0   0   0   0   0   0   0   0   0   0   0   0   0   0   0   0   0   0   0   0   0   26   0   0   0   0   0   0   0   0   14   0   0   0   0   0   0   0   0   0   0   27   0   0   0   9   0   0   0   0   0   0   0   0   0   0   0   0   22   0   0   5   15   0   0   28   0   0   0   28   0   0   0   0   0   0   0   0   0   0   0   0   
0   2   0   0   0   0   0   0   0   0   13   0   0   0   0   5   0   0   0   0   0   0   15   0   0   25   0   33   0   0   0   0   0   0   0   0   0   0   0   0   0   0   0   0   0   0   0   0   0   0   0   2   0   0   0   0   0   73   0   0   0   11   0   0   7   1149   0   0   0   0   0   0   0   0   0   0   0   0   0   0   0   0   0   4   0   0   0   0   0   0   0   0   0   3   0   0   0   0   0   0   
0   0   0   0   0   0   0   0   0   0   5   68   0   0   0   9   0   0   0   0   0   0   0   0   0   0   47   0   0   6   42   0   0   0   0   0   0   0   0   0   0   0   0   0   0   0   0   0   0   0   0   0   0   0   0   0   0   0   7   0   0   0   0   0   0   0   0   0   0   0   2   3   0   0   0   0   0   0   0   0   0   30   1   0   0   0   0   0   9   0   0   0   7   0   0   0   230   0   0   0   
0   0   0   0   0   0   0   0   0   0   0   5   0   0   0   0   0   0   0   0   1   0   0   0   0   0   0   0   0   0   0   0   0   0   3   0   31   1   0   0   0   0   1   0   0   0   0   0   0   0   0   0   0   0   0   15   0   0   0   0   0   0   0   0   0   0   0   0   0   0   0   0   0   0   0   0   0   0   0   0   0   0   45   86   0   0   0   7   0   0   0   8   0   0   0   0   0   0   0   0   
0   0   0   0   0   0   0   0   0   0   0   29   0   0   0   1   0   0   0   0   0   0   0   0   0   0   0   0   0   4   0   9   0   0   0   0   0   0   9   0   0   0   0   0   0   0   0   0   0   0   0   0   3   0   0   0   0   4   66   0   0   0   0   0   0   3   0   0   0   1   0   0   15   0   0   0   0   0   0   14   0   0   0   3   0   0   0   0   0   0   0   0   0   66   0   0   0   0   0   0   
0   0   5   0   141   0   5   0   1   3   0   8   0   0   50   0   0   0   0   0   0   0   0   0   0   0   0   0   0   40   0   0   0   0   0   0   0   0   0   0   0   0   0   0   0   0   0   0   1   0   0   0   0   0   0   0   7   0   0   0   0   0   0   0   0   0   0   31   0   0   0   0   0   0   0   0   0   0   0   0   0   28   0   0   0   0   0   0   0   0   0   6   0   0   0   0   0   28   0   0   
0   0   0   0   0   0   0   0   0   0   0   0   0   0   0   18   0   0   0   0   0   0   5   0   0   0   0   0   0   0   0   0   0   0   26   0   0   2646   0   0   0   0   0   0   0   0   0   130   0   13   0   0   0   0   13   0   0   9   0   0   7   0   0   0   0   6   0   0   11   25   0   0   0   0   0   0   3   0   0   0   0   676   0   0   0   0   1   18   0   0   50   0   0   124   0   627   0   124   0   0   
0   0   6   0   40   0   0   0   0   0   0   17   0   0   0   38   5   0   0   0   1   6   0   0   0   0   0   0   0   0   0   0   4   0   0   3   416   0   25   0   0   0   0   0   86   0   0   0   0   0   0   3   0   17   0   0   0   0   0   0   0   0   0   0   0   0   5   0   0   0   0   0   0   0   0   0   0   30   0   0   0   0   0   3   0   0   0   0   1   14   0   0   0   0   0   0   7   0   0   0   
0   0   11   0   0   6   0   0   0   6   0   5   0   0   0   0   0   0   0   40   0   0   0   0   0   0   0   0   0   1   0   0   0   0   0   437   0   0   0   0   0   0   0   25   5   0   0   0   0   4   0   0   0   0   5   862   0   17   0   0   0   0   1   0   0   0   0   0   0   0   0   0   0   1   0   0   0   0   0   0   0   0   0   0   0   0   0   0   0   0   0   0   0   0   0   0   0   0   0   0   
0   0   0   0   0   0   0   0   0   0   0   0   0   0   0   0   0   0   0   0   0   0   0   0   0   0   0   0   0   0   0   0   0   0   0   0   9   0   0   0   0   0   0   0   0   0   0   0   0   0   0   0   5   0   0   0   0   0   0   0   0   0   0   0   0   0   0   0   0   9   0   3   0   0   0   0   0   0   47   0   0   0   0   0   0   0   0   0   0   0   3   0   0   0   0   7   3   0   0   0   
0   0   0   0   0   0   0   0   0   0   0   0   0   27   22   0   17   0   0   0   0   0   14   5   0   0   2   0   0   0   0   0   0   2   0   0   0   0   0   4   0   0   0   0   0   0   0   1   0   0   0   0   0   0   0   55   33   1149   0   13   0   0   0   0   0   0   0   0   0   4   80   0   1   0   0   0   0   0   0   0   0   0   0   0   0   0   0   0   0   0   5   0   0   0   0   0   0   0   0   0   
0   0   0   0   0   0   0   0   0   0   0   0   0   0   0   0   0   0   0   0   0   0   0   0   0   0   2   0   0   0   0   0   0   0   0   0   0   0   0   0   0   4   0   0   4   0   0   0   0   0   0   0   0   0   0   0   1   0   0   0   0   0   0   0   0   0   0   0   0   0   16   30   0   0   0   0   0   0   0   0   1   1   0   0   4   0   0   0   0   0   0   0   0   0   0   0   49   1   0   55   
0   0   0   0   6   0   0   0   0   0   0   0   0   0   0   0   0   0   131   0   0   0   0   0   0   0   0   0   0   0   0   0   0   0   3   0   11   0   0   0   0   78   0   0   3   0   0   0   0   0   0   0   0   0   0   0   0   0   0   7   0   0   0   0   4   1   0   0   0   0   0   0   1   0   7   49   0   0   0   0   0   0   0   0   0   0   21   0   0   0   0   0   0   0   0   0   0   0   13   0   
0   0   0   0   0   0   0   0   0   0   0   0   0   25   0   6   0   0   0   0   0   0   0   0   26   0   0   1   0   0   0   0   0   0   0   0   0   0   23   0   0   0   0   0   18   0   0   0   7   0   0   0   0   0   1   0   0   0   0   0   0   0   0   0   0   33   0   56   0   0   0   0   0   0   0   0   0   0   0   0   16   0   0   0   3   0   0   0   0   0   5   0   0   0   27   0   0   0   0   0   
0   0   0   1   0   0   5   13   0   0   0   0   0   0   0   0   0   0   0   18   0   0   2   7   0   0   0   0   0   0   0   0   0   0   0   0   0   0   0   4622   0   0   0   0   0   4   0   0   0   0   2   123   0   0   0   0   0   0   0   86   9   0   0   0   0   0   0   0   0   0   0   15   0   0   0   0   0   0   0   0   0   0   0   0   18   85   0   0   1   0   269   0   0   0   0   12   7   0   0   0   
0   18   13   0   0   0   0   11   0   0   0   0   0   0   0   0   0   0   0   0   0   0   14   23   0   0   0   0   0   0   0   5   0   0   0   0   0   0   0   0   0   0   0   0   1   0   0   0   0   0   37   0   6   0   0   0   0   11   0   12   31   0   19   0   0   0   5   0   0   0   0   0   0   0   0   2   0   0   0   0   0   0   0   0   0   0   0   2   0   0   0   0   0   0   0   0   0   0   0   0   
0   0   0   12   0   0   0   0   0   0   0   0   0   0   0   0   0   0   0   3   0   0   5   0   0   0   0   0   0   0   0   101   0   5   0   0   0   0   0   0   13   0   3   0   0   19   0   0   0   0   0   0   0   0   1149   0   0   0   0   1   0   0   0   0   6   0   0   0   0   9   0   0   0   0   0   0   0   0   1   14   0   0   0   0   0   0   0   0   0   9   0   0   0   0   0   0   0   0   0   0   
0   0   0   11   0   0   0   0   0   0   0   0   3   0   0   0   0   0   0   11   14   0   0   0   0   0   0   0   0   0   0   6   0   0   0   0   0   0   0   0   0   0   0   0   0   7   0   0   10   0   0   0   0   0   9   0   0   0   1   0   0   0   0   0   0   0   0   3   0   0   0   0   0   0   0   0   0   0   0   0   31   0   0   10   0   0   0   0   0   0   0   22   0   0   0   0   16   13   3   0   
0   90   0   0   0   0   0   0   123   0   0   1   0   0   0   0   0   2   0   0   0   0   0   0   0   0   0   0   0   0   0   0   0   0   0   0   5   27   0   0   0   0   0   0   0   0   0   0   0   0   0   0   0   0   0   0   0   0   0   0   0   0   0   0   0   0   0   0   0   0   0   0   31   0   0   6   0   0   42   0   0   0   1   0   1   0   0   0   0   0   0   0   0   0   0   0   0   0   0   0   
3   4   0   0   0   0   2   0   0   0   0   0   0   29   0   14   0   0   0   0   0   0   0   0   0   0   0   0   5   0   5   0   0   0   0   1   0   133   0   0   0   0   14   0   0   0   0   0   0   0   0   0   0   0   0   0   0   50   0   0   0   123   0   0   0   0   0   0   0   0   141   0   0   0   27   0   5   0   0   0   14   0   51   0   0   0   0   0   0   0   0   0   0   0   0   0   0   0   9   0   
0   0   0   9   0   0   99   0   4622   2   0   0   0   0   0   0   3   0   37   449   2   0   141   0   0   0   0   0   0   0   0   8   0   0   0   0   0   0   0   19   0   0   14   0   0   0   0   0   0   1   3   19   0   482   0   0   0   0   0   0   0   0   0   0   0   141   0   0   0   0   0   0   9   0   0   0   0   0   0   0   0   0   0   0   0   0   0   51   16   0   0   0   0   0   0   0   0   0   0   0   
0   0   0   0   0   13   0   50   0   0   0   26   0   0   0   0   1   1   0   0   0   0   141   0   28   0   0   2   0   0   0   0   0   0   0   0   0   0   0   0   0   0   0   0   0   0   0   0   4   0   13   0   241   0   0   16   0   27   0   0   0   0   0   0   9   0   0   0   0   0   0   0   3   0   0   0   0   5   0   0   0   0   0   0   0   0   0   0   0   0   18   0   0   0   0   0   0   0   0   0   
0   0   1149   3   0   0   0   0   0   0   0   0   0   0   0   0   0   0   9   0   416   0   56   3   0   22   7   0   0   0   0   0   0   0   0   0   0   0   0   0   0   0   0   2   4   0   3   0   0   14   0   0   0   0   0   0   0   0   0   0   0   0   0   0   9   0   0   0   1   0   0   3   0   0   0   0   0   0   0   78   0   0   10   2646   0   0   0   40   0   0   0   0   0   0   0   0   0   0   0   0   
0   0   0   0   0   0   0   0   0   0   0   0   0   0   0   0   0   0   0   748   0   0   0   0   0   0   0   0   85   2   0   1   0   0   0   0   12   0   0   0   6   1   0   0   0   0   0   449   0   0   0   204   0   0   0   0   99   10   0   0   0   90   0   0   0   0   0   0   7   0   0   0   0   0   0   0   0   0   0   0   0   9   0   0   30   0   0   0   0   0   0   0   0   0   0   0   0   0   0   0   
50   0   13   4   18   0   0   0   0   0   0   0   0   0   0   0   0   0   0   0   0   30   0   0   0   4   0   0   0   0   0   0   0   0   0   12   23   0   0   0   0   0   0   0   0   0   9   0   0   2   0   0   0   0   0   0   0   0   0   9   0   7   0   0   0   0   40   0   0   0   3   0   16   20   0   22   0   0   0   11   0   0   0   0   0   0   3   0   0   0   0   0   0   0   0   0   0   0   0   0   
0   0   0   0   0   0   0   0   0   0   0   0   0   0   0   0   0   14   0   0   0   0   0   26   85   0   0   0   0   0   0   0   10   253   10   0   0   0   0   0   50   0   0   0   0   0   1   0   0   0   0   0   0   0   0   0   0   0   0   0   0   22   124   0   0   0   0   13   0   0   1   0   0   11   0   0   0   78   0   0   0   0   0   0   0   0   5   0   0   0   0   0   0   0   1   0   100   4   0   0   
66   0   0   0   13   9   0   0   7   0   0   0   0   0   0   0   0   0   0   0   50   16   1   0   0   0   0   0   0   0   2   0   0   0   5   0   0   0   0   0   0   14   0   7   0   0   0   0   0   0   0   0   0   0   0   0   0   0   0   0   0   0   0   0   0   0   0   0   0   0   0   0   0   0   0   0   0   80   0   14   0   0   0   0   0   0   0   100   0   0   0   0   0   0   0   0   0   0   0   0   
0   0   0   0   31   0   0   0   0   0   0   0   0   0   0   219   0   0   0   0   0   0   0   1   0   0   0   0   9   0   12   0   0   0   5   0   0   0   68   0   0   0   0   0   0   0   10   0   0   0   0   0   0   0   4   0   0   0   0   0   0   0   0   0   0   0   0   0   0   0   0   3   0   0   0   0   0   0   0   0   0   0   0   0   0   0   0   0   0   0   0   0   3   0   0   0   12   0   0   0   
0   0   0   2   0   0   0   0   0   9   17   0   0   0   0   0   0   0   0   0   0   0   0   0   0   0   0   0   0   0   0   0   2   0   0   0   0   0   0   0   0   0   0   0   0   0   0   0   0   1   0   0   22   0   0   0   0   0   0   0   0   0   0   0   0   328   11   0   0   0   0   0   0   0   0   0   0   0   0   0   0   0   0   0   0   1   0   0   0   0   0   0   0   9   0   0   0   0   0   0   
0   0   0   0   0   0   0   0   0   0   0   0   0   86   0   0   0   3   0   0   0   0   0   0   7   0   9   0   0   0   0   0   0   0   0   0   0   0   0   0   2   0   0   0   11   12   0   1   0   0   0   0   0   0   0   0   0   0   0   0   0   0   0   0   6   0   0   0   0   0   0   0   0   0   0   0   0   0   0   0   0   0   0   0   0   0   0   0   0   3   0   0   0   0   0   0   0   0   0   0   
0   0   0   0   0   0   0   0   0   0   45   0   0   6   0   0   0   0   0   0   0   0   0   0   0   0   0   0   0   0   0   0   0   0   0   0   0   0   19   0   0   0   0   0   0   0   0   0   8   10   0   0   0   0   0   0   0   0   0   0   0   2   0   0   0   0   0   0   0   0   0   0   0   0   0   0   0   0   0   0   0   0   0   0   0   3   0   0   0   0   0   0   0   130   0   0   0   0   15   37   
49   0   0   0   0   0   0   0   0   0   22   0   0   0   0   0   0   12   0   0   3   0   0   9   2   4   0   0   0   0   0   0   0   0   0   0   0   0   0   0   0   0   0   0   0   0   0   0   0   4   0   0   0   0   0   0   0   27   0   0   0   0   3   0   0   0   0   0   0   0   0   0   0   0   0   30   0   0   0   0   0   0   0   0   0   86   0   0   0   0   0   0   28   0   0   0   0   0   0   0   
0   0   0   0   0   0   0   0   0   0   1   0   0   0   0   0   0   0   0   0   0   0   0   0   0   0   0   0   0   49   0   0   101   0   0   0   0   0   0   0   0   0   0   0   3   0   748   0   0   0   0   0   0   0   0   0   0   0   14   0   0   0   0   0   0   0   0   0   0   0   0   0   0   0   0   0   0   0   0   0   0   0   0   0   0   0   0   0   0   0   0   0   0   0   0   0   0   0   0   0   
5   0   0   0   4   0   0   0   15   0   0   0   0   0   0   0   0   0   0   0   9   0   0   0   0   0   230   12   0   0   0   0   0   0   0   0   0   0   0   0   0   0   7   0   0   0   0   8   0   0   1   0   0   0   0   0   0   0   0   0   7   0   0   0   0   0   0   0   0   0   0   0   0   0   0   0   0   0   0   0   0   0   0   0   0   0   0   0   0   0   0   0   50   437   0   449   0   0   0   0   
1   0   0   0   0   0   0   0   123   0   0   0   1   0   0   0   0   0   0   0   0   0   0   0   0   0   0   0   0   0   5   12   0   0   0   0   0   0   0   0   0   4   0   0   28   0   0   0   0   1   23   0   0   0   0   0   0   0   0   0   0   31   0   0   726   0   0   1   0   0   0   133   0   0   0   0   0   23   0   0   0   0   31   0   0   0   0   230   9   0   0   0   0   42   0   0   18   0   0   0   
0   0   0   0   0   25   0   0   1   0   0   1   1   0   0   3   0   0   0   1   12   6   0   0   0   11   0   1   0   0   0   0   3   6   0   0   0   0   0   0   0   20   0   14   0   0   2   0   0   0   1   0   0   0   0   0   0   0   0   0   0   0   141   0   0   0   0   0   23   0   0   0   0   0   0   0   0   0   0   4   0   0   5   0   0   0   0   0   49   0   0   0   0   0   0   0   0   1   161   0   
0   0   0   0   0   0   0   0   6   0   0   0   0   0   0   0   0   0   0   0   0   0   0   0   0   0   0   0   0   0   0   0   0   0   15   11   0   17   0   0   0   0   241   0   0   0   0   0   0   0   0   0   0   0   11   0   0   0   0   0   0   0   0   0   0   0   0   3   0   0   0   0   21   0   0   0   0   0   0   0   0   0   0   0   4   0   0   0   0   0   0   0   0   0   112   0   0   0   1   0   
0   0   0   0   0   0   0   2   0   5   0   0   0   0   5   0   0   89   0   0   0   0   0   0   3   0   0   0   0   0   2   0   0   134   0   0   99   0   0   4   0   0   0   0   241   0   0   0   2   0   4   0   9   0   1   0   112   0   0   4   0   17   0   3   0   30   0   0   0   0   0   0   0   0   0   1   9   0   0   0   0   0   0   0   0   22   9   0   0   0   0   0   0   0   0   0   0   0   0   0   
0   0   73   2   0   0   1   1149   0   0   0   0   0   0   0   0   9   0   0   0   0   0   0   0   0   0   17   1   0   0   7   5   11   0   0   0   0   2   0   0   0   0   0   0   0   0   0   14   86   0   0   0   0   0   0   0   0   0   0   50   0   0   0   0   0   0   0   0   0   0   0   0   0   0   0   0   0   4   0   0   0   0   0   0   0   0   0   0   0   0   0   0   0   0   0   0   0   3   0   0   
2   11   0   0   0   4   0   0   0   0   0   0   1   0   0   0   2   0   9   0   0   6   0   0   0   0   3   0   0   0   0   0   0   0   0   11   4   0   0   0   0   0   0   0   73   7   0   0   0   0   230   0   0   0   0   14   5   0   0   0   4   0   0   0   0   0   0   120   862   0   0   0   31   0   0   0   0   0   0   0   0   0   0   4   0   0   0   0   0   3   12   141   0   0   0   0   0   0   0   0   
0   0   0   2   0   0   0   269   11   0   50   0   0   0   0   0   3   0   0   0   0   0   0   219   0   42   0   0   10   9   30   15   0   0   1   0   269   0   0   0   0   0   0   0   0   0   0   0   0   0   0   0   0   0   0   0   2   0   0   0   0   0   0   0   80   0   0   0   0   0   0   0   0   0   0   2   0   8   0   0   0   0   0   0   11   0   0   0   0   0   0   417   0   0   0   9   0   3   0   0   
0   0   0   0   0   0   0   0   0   0   1149   0   0   0   0   0   0   0   0   0   0   0   0   0   0   0   2   0   0   0   0   0   0   0   4   0   0   0   0   0   0   0   0   0   0   0   0   0   0   89   0   0   0   0   0   0   0   0   0   0   0   0   0   0   0   0   0   0   0   0   37   0   0   0   0   0   0   0   0   0   0   0   10   0   0   0   0   3   1149   0   8   0   0   25   0   0   0   0   0   9   
0   0   0   0   0   0   1   0   0   5   0   0   0   0   0   2   0   0   0   0   0   0   0   0   0   0   0   0   0   0   0   0   0   0   0   0   0   0   0   9   0   0   0   0   5   0   0   0   0   0   12   0   0   0   0   0   0   5   0   0   0   0   0   15   0   0   19   0   0   0   0   0   0   0   0   0   0   0   0   0   0   25   0   0   0   0   0   11   0   0   0   0   0   0   0   0   0   0   0   0   
0   0   0   0   5   0   0   241   0   0   0   0   0   0   1   0   23   0   0   0   0   0   0   0   29   26   0   0   0   0   0   0   0   0   0   0   0   0   0   0   0   5   3   0   3   0   0   17   0   0   9   3   0   0   416   0   0   0   0   0   0   2   7   0   0   0   0   1   0   0   0   0   0   0   0   0   0   0   0   0   0   2   0   0   0   31   0   0   0   0   0   0   0   0   0   0   0   437   0   18   
61   0   0   0   0   0   161   0   0   0   0   0   0   0   0   0   0   0   0   0   0   0   0   0   0   1   22   4   0   3   0   0   0   0   0   0   0   0   417   0   4   0   0   0   0   1   13   0   0   14   0   0   0   0   0   0   3   0   1   0   0   9   0   0   0   0   0   0   2   0   0   0   0   5   0   10   0   0   0   0   0   0   0   0   0   0   17   0   0   0   0   3   18   0   0   0   0   0   0   86   
89   0   0   0   0   31   0   0   0   0   9   0   0   0   0   0   13   1   0   0   0   0   0   0   0   0   0   0   19   0   0   0   0   0   0   0   0   0   0   1   0   0   0   0   0   0   0   6   0   0   0   0   0   0   0   0   13   0   748   0   0   0   0   0   2   0   0   0   11   0   6   73   0   0   0   0   73   0   0   0   0   0   0   0   0   0   0   0   0   0   0   0   0   0   0   0   0   7   0   0   
0   0   4   0   0   0   2   0   1   25   748   0   0   0   0   0   0   0   0   0   0   0   0   161   0   0   0   0   0   13   0   0   16   0   0   14   0   0   0   29   0   0   12   0   0   0   0   0   0   4   0   5   0   0   0   0   0   0   0   0   0   0   0   0   0   0   0   0   0   0   0   0   0   0   0   0   0   0   0   0   0   3   0   0   0   0   0   0   0   0   0   0   0   0   0   0   0   13   0   0   
0   0   0   0   0   8   0   0   0   5   0   0   0   0   0   0   0   45   0   0   0   0   0   0   0   0   0   16   0   2   0   0   124   0   0   0   0   0   0   0   0   0   0   0   0   0   0   0   0   0   0   0   0   0   0   0   99   0   0   0   0   0   0   0   0   0   0   0   0   0   0   133   0   0   0   0   0   0   0   6   22   0   0   0   0   0   0   0   0   0   0   2   0   0   0   8   0   78   0   0   
0   2   0   1149   0   0   0   0   0   0   0   0   0   0   0   0   30   0   0   0   0   0   0   0   748   0   0   0   0   0   0   0   0   9   0   0   0   0   0   0   0   0   0   0   18   0   0   0   0   0   0   0   2   0   0   0   0   11   0   2   0   0   0   0   0   0   0   0   0   0   0   0   0   0   0   0   0   0   0   0   0   0   0   0   42   0   0   0   0   0   0   0   0   2   18   0   0   0   0   0   
0   0   0   0   0   0   0   0   0   0   0   0   0   1   0   0   0   0   2   0   0   0   2   0   0   0   0   0   2   0   0   0   241   0   0   4622   0   0   0   0   0   0   0   0   0   0   0   0   0   0   0   0   417   0   0   0   0   0   124   1   0   0   0   0   0   48   0   0   0   0   0   0   3   0   0   0   0   0   0   0   0   0   0   0   0   0   0   0   0   0   0   0   0   0   0   0   0   0   45   0   
0   0   0   2   2   0   0   0   0   0   0   0   0   0   0   0   0   0   0   0   0   0   0   0   0   0   0   0   0   1   0   0   0   12   0   0   0   0   0   0   0   0   0   0   0   0   0   0   0   0   4   0   0   0   0   0   0   0   0   0   0   0   0   10   0   0   0   0   3   0   0   0   0   0   0   0   0   0   0   0   0   9   20   0   0   0   0   0   0   0   0   5   0   0   0   0   0   0   0   0   
0   0   0   0   0   0   0   0   0   0   0   0   0   0   0   3   0   18   0   0   0   230   0   1   65   0   0   0   0   0   0   0   0   627   5   0   0   0   0   0   0   0   0   73   0   1   0   5   0   0   0   0   0   0   0   0   0   0   0   11   0   9   5   0   2   0   10   0   0   1   0   0   0   0   0   0   0   6   0   0   0   0   0   0   0   0   3   0   0   0   11   0   31   0   0   0   0   0   0   0   
0   0   0   0   0   0   0   0   0   0   0   0   0   0   0   0   0   0   4   0   13   0   0   0   0   0   0   27   0   0   0   0   0   0   0   0   0   0   0   0   0   9   99   0   0   0   0   0   0   0   0   0   0   0   0   0   0   269   0   0   0   0   0   0   0   0   0   0   7   0   482   0   0   7   0   0   482   1   0   0   0   0   0   0   0   0   0   0   0   0   0   0   0   0   0   0   0   22   2   0   
0   0   0   123   0   0   0   8   0   0   0   0   0   0   0   0   28   0   27   0   0   0   0   0   0   0   0   0   0   0   0   0   0   0   0   0   0   0   0   0   0   0   0   0   0   0   0   0   0   0   0   1   0   0   0   3   0   0   0   0   0   0   0   0   0   0   0   0   5   0   0   269   0   0   0   0   0   0   0   0   0   0   0   0   0   0   0   0   0   120   22   0   6   0   0   0   0   0   0   0   
0   0   0   0   0   37   0   0   0   0   0   0   0   0   0   0   0   0   0   0   0   0   416   0   0   0   0   0   0   0   0   0   0   0   0   0   0   2   37   0   0   0   0   0   437   0   0   0   0   0   0   0   0   0   0   0   0   0   0   17   3   0   12   14   0   0   0   0   0   0   0   0   0   0   0   0   0   3   0   0   0   0   0   2   0   0   0   0   0   0   0   0   0   0   0   0   0   9   0   2   
0   0   0   0   0   0   0   0   0   0   0   0   86   0   0   0   0   862   66   0   0   0   0   0   0   0   0   0   0   0   0   0   0   20   0   0   0   18   0   0   0   0   0   0   0   0   0   0   0   0   0   4622   0   0   27   0   0   0   0   0   0   0   0   2   0   0   0   0   0   0   0   0   0   0   0   417   0   0   0   0   0   0   0   0   0   12   0   0   0   0   0   0   0   3   0   0   0   0   0   0   
0   0   0   0   0   0   0   0   0   14   0   0   0   0   0   0   0   0   90   0   0   9   0   0   0   0   0   0   0   0   0   0   0   0   0   0   0   0   0   0   0   0   0   0   0   0   0   0   0   0   0   0   0   0   0   0   0   19   0   0   0   0   0   0   0   0   0   0   0   0   0   0   0   0   0   0   0   0   0   0   0   0   0   0   0   0   0   0   0   0   0   0   0   0   0   0   0   0   0   0   
0   0   0   0   0   0   0   55   0   0   0   0   0   0   0   0   0   2   0   0   0   0   0   0   0   0   0   0   0   1   0   0   0   0   0   0   0   0   0   0   0   0   0   0   0   7   0   0   0   8   0   0   0   1   0   0   0   10   5   0   50   0   0   0   51   0   7   133   0   0   0   0   0   0   0   0   3   0   0   0   0   0   0   0   0   0   0   0   0   18   0   0   0   0   0   0   0   0   2   0   
0   2   0   0   0   0   0   0   5   482   0   0   0   0   0   0   0   0   0   0   12   4   0   0   1   0   0   0   2   0   0   0   37   0   0   0   0   0   0   0   0   61   0   45   0   0   0   0   0   0   0   0   0   0   7   0   0   0   0   0   0   0   25   0   0   0   0   0   0   0   0   0   0   0   0   0   0   0   0   0   0   0   0   0   9   0   0   0   0   22   0   0   0   31   0   3   0   0   0   0   
0   8   0   0   0   0   0   0   0   0   0   0   0   0   0   0   0   0   0   253   0   1   0   19   0   0   31   0   0   0   4   0   0   0   0   0   0   0   0   0   89   0   0   0   0   0   0   0   0   0   0   0   0   134   0   0   0   0   0   0   0   1   0   1   0   0   0   0   13   0   0   0   0   0   0   1   0   0   0   5   0   0   417   0   0   0   0   0   0   0   1   0   0   0   0   0   0   0   0   0   
