110
0   0   0   0   0   0   0   0   0   11583   0   366   0   413   0   483   0   0   1958   0   1096   422   0   0   1335   447   0   38   0   0   429   0   0   0   32   5046   0   0   441   9518   0   0   0   0   7365   26   0   6   288   113   0   0   2   0   0   0   9   268   0   0   0   0   1734   0   0   0   0   0   1156   0   0   50381   0   573   0   3   0   0   0   0   95   0   0   0   555   0   0   100   2   0   0   0   0   0   0   106   0   0   0   515   0   0   0   0   0   7329   0   0   3223   26   
1687   0   0   0   0   180   0   0   0   0   0   0   169   0   0   5   5521   181   0   0   0   0   0   164   0   0   0   0   0   317   0   0   2453   0   48   0   0   45   0   19   0   0   0   117   0   4   19   0   0   0   0   0   0   151   483   0   0   59   4242   0   0   357   0   754   0   0   177   0   1   0   13   0   0   0   0   0   5097   0   0   624   692   0   0   0   0   679   0   631   86   0   0   1605   0   0   1099   972   0   177   0   6329   0   64   0   0   0   0   0   0   0   0   
5   0   0   0   0   382   958   4982   127   0   0   0   0   0   19   0   1163   6   0   0   24   0   208   0   2   0   0   0   0   0   0   0   12   0   1163   0   0   366   0   83   0   0   2969   0   0   12   0   6   85   0   59   1633   47   0   621   0   0   0   486   658   0   45   164   0   0   0   239   0   0   1   0   157   283   0   0   0   0   0   0   0   0   0   0   0   0   0   0   17919   2   0   186   359   47   0   18   2176   0   0   0   0   1734   0   0   0   0   0   0   0   4   0   
0   0   0   0   92   276   0   319   0   0   3   0   0   0   0   283   2969   0   0   0   0   470   0   0   0   0   0   1274   0   0   0   0   0   0   0   0   0   0   0   0   676   0   0   0   0   0   0   0   19   0   0   0   0   1734   0   0   28   162   368   5097   0   0   0   388   181   0   0   0   9   0   0   0   676   35   0   0   0   83   0   0   0   0   0   0   0   3633   0   6577   0   18149   246   2   0   0   359   0   0   0   0   2897   144   0   220   0   0   47   9   2897   59   0   
0   19   0   0   0   0   0   0   0   0   0   4242   0   0   0   56   32   0   0   296   59   0   0   0   0   0   5268   9   100   0   0   0   0   0   0   0   186   0   0   0   158   70   28   0   3660   0   0   0   0   1649   0   0   0   9   6428   180   17   0   0   0   19   58186   45   0   0   0   0   0   0   4864   208   0   0   104   0   9   0   0   281   1582   3240   42   0   0   92   0   602   0   0   0   0   144   0   143   0   0   0   16   0   0   0   703   0   0   0   0   181   72   261   14   
0   7   0   0   0   0   0   1144   0   1144   0   0   0   0   6849   1701   489   0   0   0   0   0   4618   602   12   0   0   0   323   0   0   0   0   0   61   4   0   0   0   0   0   45   0   0   0   53   0   132   0   0   0   114   462   5   367   70   0   0   4391   0   0   0   0   0   0   0   4   0   0   154   0   0   39613   5521   0   0   35   0   0   0   0   1940   2723   0   0   15   0   0   0   0   496   0   0   0   0   0   242   272   128   0   0   0   50381   0   3294   72   0   255   0   0   
0   0   0   0   281   0   0   0   0   0   2   0   0   0   591   0   0   7   0   0   0   0   0   0   4422   1330   0   0   0   0   0   0   79   13816   0   0   0   89   0   0   0   0   42132   463   0   0   476   0   0   0   0   0   0   0   0   0   0   0   0   0   5046   178   0   67   0   0   2176   0   0   34   2432   0   475   49   0   0   317   3212   0   0   22   154   213   0   0   0   0   0   0   0   242   69   0   11389   32   0   0   0   3   478   1487   0   309   22   0   0   0   0   70   34   
1958   279   0   0   0   0   1649   0   186   0   0   1958   0   5   0   0   6329   0   0   16   0   323   749   1567   1522   0   0   0   0   0   0   679   3   0   324   0   0   0   0   0   0   0   0   0   0   0   174   58186   0   0   1194   1072   267   0   0   125   1940   0   0   0   0   0   1163   3660   0   591   598   0   0   51   0   0   0   0   0   0   0   0   0   0   0   0   309   225   0   2365   0   96   27533   1335   383   0   0   1595   70   0   60   0   0   0   0   0   154   1099   0   19   171   0   0   0   
0   0   0   0   0   0   0   0   0   84   0   0   317   0   0   0   0   0   0   0   0   16   288   0   100   4   0   586   0   22   0   0   2891   6329   34   0   0   0   0   0   31   0   0   4   0   0   0   3212   0   0   0   0   4   0   2398   0   0   0   0   0   0   0   486   6532   0   0   11266   0   413   679   0   5   29   0   0   0   0   0   3223   0   0   0   0   0   58   6577   0   4391   559   0   0   106   0   0   0   276   1396   0   0   1   0   0   1274   19   0   0   390   0   0   0   
0   0   0   0   0   0   0   0   0   0   20026   129   0   1348   81   151   0   0   582   0   0   0   451   0   28   0   0   1028   0   113   0   0   522   972   0   89   0   874   0   676   0   0   3223   0   0   0   0   0   0   0   9   0   0   0   0   0   3206   0   0   621   0   0   0   0   658   1099   0   0   1096   0   0   0   0   0   0   0   0   406   776   0   0   969   0   232   0   0   0   0   232   0   166   80   0   0   0   0   0   1469   0   12   630   3   631   2   0   312   0   64   1959   5   
1940   0   37   0   0   0   0   0   520   2   0   0   573   0   1386   0   0   0   0   162   0   0   618   258   51   5612   0   0   114   71   0   16   6025   0   0   0   0   930   0   0   0   0   186   6   1460   0   0   0   0   0   0   0   0   1586   100   0   55   0   0   624   0   591   0   0   0   0   0   0   0   0   0   0   196   157   0   0   0   0   6   0   4   0   0   0   5   3382   0   0   692   24   0   233   0   0   161   0   0   0   0   0   0   405   0   194   99   238   0   0   0   0   
0   0   0   0   48   144   0   49   0   0   0   0   0   0   0   0   0   0   0   0   92   125   40   0   0   0   7329   0   0   86   0   0   0   0   0   0   11950   233   0   0   195   0   195   0   0   0   137   35   0   49   0   0   0   324   0   0   0   7179   0   35447   0   28   4864   0   0   0   0   0   0   23   0   0   111   0   0   0   0   0   0   0   0   0   522   32   0   676   0   0   0   0   0   596   0   383   0   0   675   0   0   0   288   0   0   0   0   56   0   0   2398   0   
3212   2897   0   86   107   34   200   26   0   0   0   0   0   0   720   79   160   0   0   45   0   0   0   0   0   0   0   0   19   434   0   0   0   0   0   0   0   0   0   0   0   0   0   267   0   0   0   0   0   0   0   0   0   0   0   0   0   0   0   0   0   0   0   161   7365   9365   117   382   0   0   0   0   0   6   0   0   0   196   19   0   0   0   0   0   0   0   0   0   0   0   100   0   15   2   0   0   0   0   0   66   366   0   0   78   0   0   0   0   0   0   
81   0   204   0   0   128   0   0   0   0   0   0   0   0   0   0   631   0   16   0   0   0   0   0   117   4730   0   162   0   0   64   46   1330   371   1687   106   943   0   1   0   0   4   0   181   0   0   0   75   0   754   51   0   0   0   0   0   0   5   0   0   1186   0   0   0   0   0   0   1595   0   1156   0   86   0   3   0   0   0   0   0   382   6532   0   0   0   144   0   0   0   0   0   0   16235   144   0   0   0   118   0   1940   0   0   0   89   0   0   0   0   6   0   154   
6   0   0   679   0   42   0   0   0   0   0   547   0   0   0   0   0   0   0   0   994   0   0   0   1396   1567   0   0   562   0   0   0   520   0   2176   630   0   0   0   0   0   0   0   22   0   6984   0   0   0   0   0   0   0   40   0   0   0   0   0   0   0   0   0   0   757   0   6   1167   0   0   0   0   0   0   0   239   0   0   92   157   0   1595   0   0   2218   0   14   0   0   0   0   0   0   0   451   0   0   0   0   114   0   165   0   0   1186   0   1701   5612   0   607   
1099   470   0   0   547   164   1   6329   1595   0   0   0   6   0   0   0   0   22   0   81   0   0   0   0   0   0   75   19   74   1572   0   137   0   0   2176   0   0   0   0   0   0   0   0   0   0   0   0   124   0   0   0   28   0   0   0   0   0   0   510   89   0   371   0   0   0   6242   510   1156   0   0   0   0   0   413   0   0   204   0   0   0   0   0   0   0   0   0   0   0   186   0   0   0   0   0   564   51   0   436   0   2365   1408   0   0   0   0   0   0   1144   0   3   
0   0   0   0   0   0   16701   6025   0   631   0   226   0   0   0   0   0   0   562   59   272   272   124   0   0   0   0   39613   4874   0   6   0   0   0   0   0   13   0   0   0   0   0   0   70   463   0   309   0   0   152   0   0   624   0   0   0   0   582   368   23   17   0   37013   0   29   0   0   624   0   37013   0   0   0   0   0   42   0   4109   0   130   757   0   0   0   0   0   382   145   0   0   0   0   0   0   0   0   0   9   324   0   0   0   602   34   243   0   0   0   0   0   
663   81   0   125   70   630   2   0   0   0   0   0   0   0   489   0   0   0   2969   0   0   0   0   0   0   11583   0   0   1522   0   4109   0   89   0   2328   0   0   4   0   0   70   52   0   0   5   0   196   0   0   4   0   0   92   324   0   0   42   0   0   0   0   0   0   0   0   23   15   0   0   0   0   0   0   933   0   0   0   18   0   806   0   0   0   0   634   0   0   0   652   0   0   0   0   0   0   0   0   87   0   2328   0   36   0   447   0   0   1455   12   0   0   
0   111   0   0   0   0   618   0   0   0   213   113   6025   0   51   15   0   0   0   0   0   0   1371   0   0   0   0   0   0   0   0   0   71   1567   0   0   13624   595   399   195   0   0   595   0   1072   9   0   19   0   3   0   0   0   470   0   0   152   122   3382   0   0   0   0   0   0   0   0   0   0   0   0   6984   0   0   49   0   0   0   0   0   1595   0   0   16701   0   0   166   26   0   0   0   24   0   0   0   0   0   582   180   0   3   0   0   0   0   0   0   0   0   0   
151   0   0   204   28   0   32   0   0   195   0   0   323   559   0   154   0   272   0   0   0   1070   6517   100   0   0   0   2   0   319   0   0   48   0   0   116   0   0   0   4242   2432   1296   0   0   0   0   0   0   16   4874   0   125   0   0   1144   0   0   413   53   15   0   1   0   0   1572   40   0   0   213   0   648   0   0   0   0   86   0   265   6   0   0   0   312   64   0   0   0   130   1163   0   3   0   0   6025   0   0   467   89   0   6   1586   240   19   7   0   0   12   317   0   1156   
0   1595   53   1186   0   0   0   0   0   0   0   0   4   0   0   0   0   279   0   0   0   0   119   0   0   0   0   0   0   0   0   0   0   0   0   0   0   71   2365   0   0   0   1304   0   0   0   0   143   0   0   0   0   15   0   0   32   0   0   0   204   0   0   13816   0   0   0   82   0   0   0   0   84   0   0   0   878   0   0   573   0   0   0   0   0   2365   64   58   0   22   0   0   208   4   0   0   0   0   0   0   0   0   0   162   0   0   0   0   0   0   16701   
467   225   4   0   0   0   0   0   2646   0   0   0   134   0   0   95   0   0   0   0   0   0   0   0   86   994   0   6   0   0   0   1701   0   0   0   0   72   3382   58   0   6   0   0   0   11950   0   6329   0   0   0   114   4   486   0   0   16   188   220   0   1196   104   0   239   2   0   1   0   1335   0   0   21   0   0   0   1112   166   0   0   0   107   0   0   4618   0   5   0   0   0   4730   122   17   0   124   0   0   31   69   0   0   0   0   0   0   6577   0   0   0   0   0   0   
0   261   0   0   0   0   0   0   0   272   0   0   55   0   0   0   0   0   3   0   0   0   0   0   0   0   0   104   0   0   169   19   132   0   78   0   0   0   0   0   9365   261   0   0   132   0   279   0   0   972   0   0   52   4   0   0   0   36   0   9365   703   0   602   0   3627   0   3212   380   0   0   0   0   19   0   0   0   40   676   0   2   0   424   0   676   22   0   0   51   0   16   137   49   0   0   4710   0   240   3   0   0   1348   0   607   18   1605   18   476   0   0   0   
0   0   0   513   64   1296   0   56   0   0   0   19   486   154   0   0   2   0   0   125   3633   36   675   0   2558   943   0   0   0   0   0   47   70   0   0   181   486   455   0   6   692   720   0   1   402   0   547   0   0   0   0   208   0   2   0   0   0   0   0   1129   124   0   0   0   1595   0   0   0   0   0   1186   724   0   0   11389   0   0   0   757   2432   0   0   0   562   0   0   0   0   0   0   53   0   1163   0   0   0   0   0   0   2891   0   0   0   0   0   261   0   0   0   1701   
12   0   0   0   0   0   0   35   16   0   0   28845   0   969   0   0   0   0   340   0   17919   596   0   0   0   0   0   4   0   0   3547   0   0   0   0   0   0   0   0   0   0   0   0   129   0   0   0   6242   0   0   0   0   2834   356   596   100   0   0   0   0   0   0   0   3240   122   0   0   0   0   0   34   0   0   0   7365   874   0   0   441   0   174   0   720   0   267   0   0   86   0   0   0   99   757   0   0   0   382   0   0   0   0   0   0   2558   0   0   0   1156   0   0   
0   0   0   2   0   69   0   0   0   161   180   0   0   1846   0   0   0   0   0   9518   0   16235   0   125   0   0   0   0   0   0   213   4   186   7365   0   0   0   0   14   49   0   4864   0   0   307   0   15829   0   0   0   0   0   0   0   0   0   0   0   0   29   0   89   204   0   0   0   0   0   983   0   0   0   190   0   0   0   520   0   0   0   0   0   176   0   0   0   0   0   165   0   161   0   0   0   0   0   0   45   122   0   0   0   0   0   0   0   0   0   0   0   
0   6   0   0   0   0   0   424   0   0   18149   0   0   178   95   0   0   0   0   0   0   0   0   11950   128   169   0   0   470   0   1   0   0   0   86   0   0   0   0   0   0   0   0   0   0   152   0   0   186   0   0   288   0   174   0   451   1   0   0   0   1   0   0   0   220   0   0   0   486   0   113   4   0   0   0   1649   0   0   0   31   83   434   3   0   0   720   0   434   0   0   0   0   4674   162   0   28   0   0   0   4   4   0   0   0   0   0   106   0   4   17   
0   1414   0   0   0   71   0   0   0   51   0   0   0   196   0   180   0   0   0   0   0   0   616   0   0   962   53   0   0   0   0   0   1904   119   0   0   0   573   0   0   0   0   675   0   0   19   0   0   716   0   0   4644   238   0   676   0   0   0   59   0   0   80   0   2706   0   0   0   0   307   0   0   0   850   0   631   9   0   0   0   0   0   40   0   0   0   0   0   0   0   0   406   0   0   0   623   178   2897   0   0   0   59   5521   0   0   0   0   0   0   1567   0   
1479   0   261   186   104   663   0   0   0   483   279   0   0   0   0   6329   0   0   127   522   1028   233   962   0   1274   0   0   0   0   0   0   3363   268   1582   0   0   0   0   0   79   0   0   0   0   441   0   0   0   0   0   1274   0   1487   0   0   4   0   5268   1460   0   128   0   3   0   0   0   0   0   0   0   0   0   0   0   0   0   510   0   958   0   0   0   0   0   0   0   0   0   0   0   2943   0   39613   0   0   0   0   0   0   0   29   0   0   0   9   16701   0   0   0   84   
676   0   5   0   2706   0   0   0   0   0   0   154   143   0   0   0   53   0   0   0   788   0   0   66   0   0   340   0   602   0   0   353   0   720   0   0   0   4422   0   0   0   2285   0   0   0   2446   0   0   0   0   0   0   0   0   0   0   0   165   0   0   0   0   0   0   1   31   943   200   0   0   1082   0   0   268   0   0   0   0   0   0   0   0   3240   0   895   0   0   23   3   99   6   0   562   0   0   28   35   186   0   0   356   943   0   0   0   0   692   114   0   618   
0   0   0   0   70   196   0   0   0   0   0   190   353   0   0   0   0   3627   972   32   0   0   0   0   9   0   0   0   4730   0   0   0   296   1396   0   3   0   0   0   616   89   6   0   0   0   4982   186   19   0   522   6   0   0   177   0   0   611   0   0   258   543   0   390   0   0   79   353   0   18   0   40   89   0   122   483   0   52   23   0   196   3223   486   79   0   0   0   0   0   0   0   0   0   29   0   0   171   166   0   0   0   0   0   2393   1773   380   447   0   0   0   42   
3382   0   0   0   0   0   0   0   0   0   0   0   0   0   37013   91   0   0   0   204   260   0   0   267   0   0   3547   83   0   340   0   0   0   422   0   0   0   0   0   0   372   9   53   0   1028   0   0   1028   0   0   0   0   0   0   0   0   128   618   0   32   0   0   124   38   0   0   0   0   0   2430   0   0   239   0   0   317   0   0   0   0   0   79   143   0   447   89   0   0   2430   0   0   312   15   6329   0   0   0   0   983   165   0   6   60   2432   107   0   0   0   283   28   
0   958   0   0   0   32   0   0   240   0   0   0   0   134   0   0   0   1396   0   0   703   2969   5046   0   0   0   0   0   0   0   3   0   0   0   0   0   0   0   983   0   0   220   0   0   195   0   0   0   0   0   0   0   0   166   0   0   0   0   582   6   0   0   2   0   0   547   0   0   0   3   4674   0   0   383   2646   764   0   0   0   0   0   703   48   208   0   0   19   1   0   1958   0   0   0   0   716   0   0   0   0   0   0   0   307   0   0   38   92   0   0   16   
0   1132   0   0   71   0   0   2243   0   0   0   0   562   676   116683   7365   0   0   0   0   0   161   598   272   0   0   3   0   204   0   0   0   0   0   0   0   0   0   303   58186   0   0   0   0   238   28845   239   0   114   81   53   2   4   0   0   0   0   0   0   261   0   3547   0   0   943   0   0   323   0   0   220   0   89   0   0   0   0   0   0   1605   55   1082   7   0   0   831   1959   0   0   0   0   0   0   0   117   0   0   0   0   0   0   239   0   0   0   0   0   31   0   0   
0   0   0   0   46   3   0   0   0   83   0   0   2273   0   0   0   0   0   0   160   0   0   0   0   0   850   0   0   0   0   0   0   0   0   0   0   0   596   0   3382   0   0   0   0   463   0   0   489   0   0   0   0   0   330   0   0   0   0   0   34   0   0   0   0   3   0   0   0   0   0   0   19   353   0   12   176   0   0   0   0   0   0   1   0   0   0   478   0   2014   323   0   0   0   0   2224   0   0   0   0   0   0   0   3223   309   0   71   969   7   6242   0   
26   0   0   15   0   0   0   0   0   64   56   0   429   188   0   543   144   19   0   0   0   1348   0   0   0   32   0   0   0   0   0   0   174   0   0   0   0   80   0   0   0   0   0   116683   0   675   0   0   0   0   0   623   0   0   0   515   0   0   4242   0   157   0   658   0   0   0   0   154   28   0   0   177   0   0   776   0   0   58   0   0   0   0   0   0   0   1072   7365   31   0   0   70   0   0   0   969   0   0   0   0   0   0   0   161   0   0   0   0   0   0   0   
648   0   0   0   0   0   283   0   2   0   1522   423   0   0   32   0   0   1296   0   0   0   0   962   0   0   0   239   0   0   0   0   0   0   0   2   196   0   0   0   853   0   0   112   0   0   0   307   26   116   0   467   0   0   533   22   3240   0   0   0   0   0   0   2165   0   0   0   0   0   0   0   0   0   0   0   1   0   0   19   312   0   0   0   0   0   0   0   0   0   3294   0   0   0   353   15829   0   0   0   0   0   0   720   0   0   0   0   0   82   0   0   9   
1099   0   0   0   0   96   7179   0   4874   2430   0   66   0   157   0   247   58186   764   0   0   0   2176   0   463   0   0   0   0   475   0   247   1   0   0   14   32   0   0   0   0   119   0   69   0   0   15   679   0   0   0   1330   0   0   66   513   0   0   0   788   0   0   0   1156   0   0   0   89   0   4   106   0   0   226   586   0   4874   28   0   0   0   0   0   124   0   0   2   396   0   0   31   0   0   0   0   0   0   0   0   0   0   2558   0   0   2   0   0   9   0   194   595   
0   2   0   0   0   0   164   0   0   0   0   5046   0   0   0   0   0   0   0   2883   0   0   0   0   0   0   0   382   0   6329   0   0   60   0   0   51   70   0   0   0   0   51   3461   0   0   0   4710   0   126   0   0   0   0   0   0   0   447   157   261   0   0   0   0   0   0   0   356   0   663   0   0   35   0   0   0   13   1   564   0   13816   0   0   0   0   0   0   0   0   0   0   0   0   106   28   0   634   0   1940   247   3   4391   0   754   0   0   0   4109   0   0   0   
0   0   0   0   0   128   0   0   0   0   853   0   0   0   0   0   0   962   0   70   0   972   0   1469   196   0   38   0   0   1129   0   962   0   0   0   509   0   0   243   0   0   0   0   0   0   0   0   64   0   0   7   0   0   0   3627   0   0   0   0   0   0   596   0   0   0   37   0   4   0   441   15   70   11950   0   0   0   0   0   0   522   0   0   0   0   0   2943   0   0   0   0   0   478   0   0   0   0   312   0   56   0   0   0   180   757   69   238   972   0   84   0   
0   6   330   0   4   0   0   853   3294   303   0   0   0   0   6242   2365   0   0   0   0   0   1687   87   29   0   0   0   0   0   232   111   0   0   0   0   5268   0   0   0   1487   0   0   3660   621   0   75   18   36   0   0   161   0   0   0   56   0   0   562   95   0   6   0   0   0   0   0   455   0   0   0   0   0   28845   0   0   0   0   0   0   10   0   0   0   0   0   0   0   0   0   0   69   0   0   0   0   0   850   998   0   220   0   177   0   0   0   0   0   0   0   0   
0   0   0   0   7   0   0   75   0   0   0   0   53   0   2224   0   0   0   0   0   0   0   0   0   100   0   0   0   45   131   4644   0   0   0   0   0   0   652   51   0   0   0   0   776   0   359   0   6   75   0   716   0   0   0   196   0   0   0   0   37   0   0   0   58   0   124   0   582   0   5612   0   211   0   0   0   0   0   66   0   1112   92   0   962   0   0   69   0   107   0   9   31   0   0   0   0   0   0   983   0   998   0   0   0   0   186   0   0   423   0   0   
6   0   2969   0   38   1156   0   0   0   0   0   0   0   0   0   2273   663   495   0   0   720   0   648   0   0   28   0   87   80   0   405   0   0   52   0   0   0   0   1   831   0   1408   0   0   6   0   0   0   0   0   89   0   0   0   0   216   0   0   0   0   40   1687   0   573   130   2273   6329   0   9   0   0   969   0   5612   0   0   0   0   0   0   0   0   1082   0   0   0   0   958   0   152   0   749   0   0   0   3   58   0   0   0   0   0   0   0   0   0   0   0   0   122   
509   0   598   42   776   3   0   0   0   0   0   89   0   2432   0   86   45   0   86   0   0   0   0   0   0   0   0   0   6   0   0   86   131   676   12   0   0   1582   0   2969   3   0   720   0   0   0   0   0   0   0   220   0   3223   0   0   0   0   0   0   0   0   23   0   0   37   0   5   0   422   969   0   85   2398   812   0   0   0   0   0   0   0   86   0   208   0   0   0   0   0   0   0   0   0   0   366   0   0   1396   0   0   0   0   0   0   0   0   31   35   1940   0   
0   0   177   0   0   0   0   436   225   0   240   0   0   0   757   116683   0   0   0   0   0   0   0   0   0   0   0   0   0   0   0   0   103   0   0   0   958   128   0   853   0   0   0   0   0   0   158   0   0   0   246   0   0   0   317   0   0   1186   0   0   0   0   48   0   0   483   1   455   2969   0   0   0   0   0   92   406   0   475   0   1479   14   123   0   413   933   0   23   42132   6428   621   0   0   0   0   125   70   70   0   0   0   0   246   16   0   0   276   0   0   0   0   
0   0   0   0   0   0   0   0   2723   0   0   0   0   4   0   337   0   0   0   0   96   0   0   0   0   180   0   119   0   0   0   0   0   0   0   107   1701   0   0   703   0   623   0   586   171   0   6532   413   0   0   89   0   5521   0   0   0   11950   0   0   607   648   0   0   0   0   0   0   0   0   0   447   0   4   0   0   0   0   0   0   6532   1   0   0   0   0   2224   0   0   0   0   319   34   0   0   0   0   0   1904   0   0   6428   50381   0   0   116   0   0   0   0   0   
831   2224   3633   6242   0   0   0   195   0   0   634   0   0   0   0   69   0   0   0   0   0   0   0   383   0   0   0   0   0   0   4   0   29   0   0   23   0   3   0   0   0   3294   0   131   1455   83   0   663   0   0   5612   0   0   0   0   176   0   0   1163   0   0   0   0   0   0   0   0   0   18   0   0   4   0   114   0   0   0   0   161   874   368   12   0   190   463   0   0   0   0   0   0   0   0   0   0   0   0   83   0   0   0   0   0   0   0   399   0   0   55   5   
0   0   0   0   0   0   0   513   0   0   28   0   0   0   0   0   243   1163   0   3461   0   0   0   0   0   51   0   0   2883   0   0   0   0   495   0   0   0   0   0   0   0   59   0   0   6532   0   122   0   1348   1330   0   29   0   0   19   0   0   116683   0   0   2243   0   0   6428   45   0   0   0   116683   0   0   0   0   0   358   2453   0   0   0   5268   0   0   0   6849   1586   0   0   0   0   0   0   0   0   0   4618   676   0   27533   0   703   16   0   0   0   0   0   0   0   258   0   
0   679   7365   0   47   853   0   0   1144   265   447   0   0   510   7365   0   0   0   4982   0   972   0   0   0   1   0   399   0   3636   0   0   2   0   0   0   0   75   0   0   0   0   0   0   0   0   0   50381   2646   0   0   0   0   0   131   0   190   0   0   0   0   0   317   562   0   0   0   5   1487   268   1   0   0   1156   2328   0   0   0   0   0   0   0   0   43   0   213   0   137   0   0   4674   38   0   0   0   0   2891   0   1951   0   12   128   0   0   0   0   0   0   0   4   0   
0   86   0   388   0   0   3461   0   0   0   0   0   0   0   0   0   0   0   0   0   86   0   5   36   0   95   0   13816   3382   204   0   59   0   0   0   0   265   372   0   0   0   0   31   0   1196   1469   0   0   0   0   399   0   895   0   0   0   0   359   1167   0   0   0   45   1   509   0   520   6428   0   0   1633   80   0   83   45   19   0   0   611   0   0   5521   7   0   0   6849   0   61   998   0   0   0   0   0   0   0   0   0   0   0   0   0   0   0   19   0   0   0   1460   0   
703   0   0   0   0   337   0   0   0   0   0   0   0   0   0   724   128   0   0   0   0   0   0   0   0   0   5   0   0   0   144   195   7   0   0   0   0   0   195   0   0   5521   17558   0   0   724   463   0   0   0   0   0   0   0   0   0   178   0   447   4   6428   0   0   0   0   0   0   405   0   0   0   117   0   0   0   2243   0   158   5521   0   424   59   0   0   0   45   0   0   0   0   0   6428   624   0   0   0   0   0   0   1156   0   0   0   0   0   0   0   0   2943   0   
307   4   80   0   4084   0   0   0   0   0   1479   0   0   0   5268   0   3660   0   0   0   0   388   0   720   0   0   0   0   0   0   1304   1522   0   0   288   0   0   0   0   0   4618   2393   0   0   29   0   0   676   324   0   0   0   246   0   232   675   0   0   0   0   0   0   34   0   1414   0   29   0   874   1951   118   1605   0   4   1348   0   119   0   0   1   0   0   0   0   0   0   0   1455   9   197   0   19   0   1028   0   0   0   0   31   0   128   0   0   0   0   0   0   323   15   0   
0   1522   0   0   0   0   0   0   48   0   0   0   2218   1522   0   515   0   13624   0   0   0   60   22   0   3547   0   0   131   0   0   0   0   0   0   0   4084   776   238   0   0   0   0   0   0   0   0   0   1371   0   0   618   0   0   23   0   516   676   0   0   5   0   0   0   0   0   0   3   0   0   0   3627   4674   0   0   0   158   154   495   0   0   0   13   0   0   0   2943   0   0   0   0   1455   0   3212   0   0   0   509   0   0   0   0   0   0   0   0   82   0   0   0   0   
0   84   132   0   0   0   40   0   0   0   0   6   0   0   0   720   0   96   0   0   0   86   0   79   3660   0   178   962   112   0   0   28845   0   0   0   0   0   0   0   0   0   0   874   5   4   0   0   6530   0   0   1371   0   0   0   0   1   0   0   6577   0   0   0   0   0   0   5046   0   410   59   0   0   240   0   0   0   0   0   0   6   0   0   283   0   0   0   724   0   0   4874   5612   0   515   0   0   58186   0   0   0   0   764   3240   0   366   89   3206   26   0   14   0   16   
0   413   0   16235   0   0   0   2014   80   0   0   0   486   13624   0   0   0   100   1   3   1348   0   0   260   1572   0   0   0   0   6242   1129   0   43   28   0   0   0   0   0   0   0   34   0   58   0   720   0   0   0   328   0   1487   0   2   0   0   0   0   2446   0   0   0   3633   1605   53   0   0   0   4   324   1082   0   703   43   32   157   0   0   382   831   0   447   0   0   0   0   0   0   0   0   0   0   0   0   0   0   0   0   0   831   0   0   0   2   174   151   390   2706   0   220   
621   0   1   562   0   1156   0   0   276   0   0   0   4   32   0   14   0   200   0   0   0   0   2   958   28   0   0   2398   0   0   0   0   0   0   0   0   0   0   307   0   0   0   312   1582   29   0   48   0   134   157   0   53   0   0   0   0   0   0   0   0   0   0   0   4   0   0   0   0   75   0   0   0   0   0   33   6984   0   564   12   3   0   0   0   0   0   3223   0   0   470   0   0   0   0   0   0   70   0   0   239   0   303   0   0   516   0   0   0   0   0   80   
0   0   0   0   0   144   0   0   15829   4   117   0   0   1455   0   0   0   12   520   0   0   0   0   0   1371   611   0   623   23   0   0   0   0   0   0   4874   1194   0   11950   0   0   0   0   0   0   0   4   0   0   0   6025   204   7   0   4   0   0   6025   0   0   0   19   0   0   26   0   0   0   0   45   0   0   0   0   6   0   0   520   0   0   161   0   0   0   0   83   0   0   0   0   366   399   111   436   0   0   413   399   0   0   58   144   0   47   337   0   0   0   0   0   
0   495   0   0   0   213   0   0   4864   137   317   0   0   0   16   0   0   0   0   0   0   0   12   35447   0   0   0   0   0   279   4084   0   181   0   6   119   0   0   5   0   969   1099   0   0   32   0   0   14   0   0   0   6242   0   1096   0   0   0   0   0   0   0   218   0   0   0   0   0   0   0   0   0   0   0   98   0   1096   157   0   28   0   0   128   16   0   0   137   0   0   0   9   0   0   0   0   16   1330   0   0   4874   0   0   0   144   0   0   1408   0   634   0   0   
602   0   0   0   0   1951   6   0   95   0   0   0   0   0   0   0   0   0   16   390   0   933   0   0   0   0   0   0   0   89   0   0   0   92   197   0   0   0   0   4   158   0   0   40   0   0   0   0   0   330   0   0   0   358   0   0   81   0   0   0   303   0   0   0   0   0   0   0   0   0   22   0   757   0   676   2897   0   0   0   0   3294   0   312   6   2273   0   0   0   0   0   0   34   195   562   1649   390   0   0   51   85   0   0   0   116   137   216   0   0   0   4710   
1605   0   0   0   0   0   0   0   874   0   0   31   312   0   1072   0   0   0   100   89   0   0   0   598   0   26   0   4422   0   0   0   0   0   181   0   0   240   0   0   0   0   7   0   0   0   0   98   15829   53   0   42   154   0   1156   513   111   176   0   0   0   0   0   0   0   243   337   0   0   6   0   675   0   0   0   0   372   0   0   0   113   0   0   0   0   9   6849   0   0   0   0   19   14   0   0   0   0   0   0   0   0   180   0   0   0   0   0   676   0   405   0   
6577   0   0   143   272   86   0   0   0   0   0   0   0   0   0   4864   0   31   0   0   5   0   0   5   0   3382   0   0   930   190   0   0   0   0   0   106   0   0   0   28   0   0   7329   151   2176   0   0   0   0   0   0   0   0   0   0   0   565   582   0   0   0   45   0   0   0   92   177   0   0   0   0   122   0   0   0   631   0   0   0   0   60   18   0   483   0   0   0   0   0   0   0   309   676   0   51   23   19   0   169   0   0   0   144   39613   0   1582   0   0   0   0   
0   0   0   0   0   0   0   106   50381   0   0   0   0   0   4   1586   174   0   0   0   0   0   0   0   51   2430   0   19   460   0   19   0   0   12   0   59   0   462   0   0   194   0   0   0   0   0   0   0   5612   100   158   0   0   0   31   0   0   720   58186   0   0   0   0   0   0   0   0   2014   0   1129   0   423   0   0   0   0   0   582   0   0   0   186   0   0   467   634   0   831   0   0   34   29   0   0   0   0   32   0   0   165   648   0   0   4963   89   0   0   423   0   0   
1   0   19   0   0   0   0   0   0   0   0   0   0   117   0   98   0   0   0   0   0   0   0   0   0   0   47   983   24   0   50381   0   0   0   0   0   0   0   0   0   0   2891   0   0   0   0   0   0   0   0   0   0   0   0   0   0   0   0   0   233   87   15   0   2558   0   0   0   1099   0   0   0   0   0   47   69   0   0   58   9365   0   0   0   0   0   0   53   598   0   2   0   0   288   0   451   0   281   47   0   0   0   0   0   0   0   0   0   0   79   0   34   
0   0   0   624   0   28   4710   122   0   0   0   0   0   0   0   0   0   0   91   0   0   0   0   0   0   0   0   242   124   0   0   0   0   2706   0   0   0   0   4   0   630   0   1072   0   194   0   0   0   0   4242   0   113   17919   16701   158   0   0   0   0   0   0   462   0   0   0   0   26   0   0   0   0   0   0   0   0   0   3294   0   1396   0   0   4   0   0   0   1112   1096   0   0   0   0   0   0   0   312   703   0   0   1028   0   382   51   0   0   0   0   83   943   27533   486   
0   0   157   0   0   0   564   0   0   0   0   0   0   0   1633   0   0   0   0   0   0   0   0   0   0   969   0   0   0   0   0   0   0   3   0   58   0   0   0   118   0   1274   0   676   0   171   0   0   757   0   4   0   0   0   0   0   0   0   18   0   0   0   0   0   0   0   0   246   2430   324   0   0   0   0   0   0   0   0   0   0   0   0   58   0   0   1140   0   0   127   55   0   0   0   0   1335   144   0   0   0   0   0   0   83   357   0   2   0   39613   0   255   
265   0   0   543   383   0   0   0   0   0   0   0   621   0   0   0   0   2706   0   0   0   0   0   0   621   246   0   6577   0   0   85   0   186   2453   0   0   89   776   0   240   19   0   0   0   994   3636   0   0   0   0   1163   0   0   47   0   0   616   1156   0   0   0   0   0   0   0   0   0   0   0   0   0   0   0   0   5   0   0   406   0   82   2   0   0   0   0   0   281   0   0   0   42   0   144   10   0   1479   0   0   0   0   0   0   0   0   112   0   127   564   0   0   
340   127   0   396   0   0   0   87   0   0   226   0   0   0   2446   555   0   0   0   1196   930   0   17   309   0   0   0   0   0   543   3240   70   0   119   29   0   423   0   51   0   0   0   616   0   0   0   0   0   0   0   213   128   0   0   0   0   972   0   0   0   43   367   0   0   0   0   0   58   0   0   0   874   45   0   0   0   0   0   0   181   0   0   0   2558   28845   0   0   86   11950   0   0   0   559   16   0   0   4   0   0   0   0   124   0   0   0   47   0   0   0   6   
0   0   0   1082   3   0   72   180   0   0   32   0   0   0   0   0   0   0   0   0   61   0   0   3   434   45   0   0   0   0   38   50381   0   0   186   0   0   1072   522   1687   0   0   0   675   0   0   0   0   0   0   28845   607   0   0   0   0   1487   0   107   0   994   0   0   0   0   0   0   0   0   317   1958   1567   0   0   42132   1479   0   0   0   0   596   0   0   0   0   200   0   0   692   0   0   434   0   5097   0   0   1167   423   225   42   0   0   0   0   0   186   0   2   0   0   
0   0   272   0   0   272   0   0   0   0   0   4963   0   162   81   0   0   0   38   0   82   388   0   132   0   0   0   358   0   6   0   0   0   0   0   43   0   0   470   0   0   757   11266   831   0   0   0   0   19   0   0   92   0   0   0   0   0   0   0   476   0   0   0   70   0   0   0   177   0   6530   0   4   0   3363   116683   0   0   853   0   0   0   0   0   0   0   56   13   86   0   0   0   0   0   0   0   0   0   340   53   0   1567   0   0   372   0   281   0   4874   0   0   
157   0   0   0   0   0   476   0   28   0   0   312   0   0   2834   0   0   0   0   40   0   0   119   0   0   0   0   0   0   0   0   42   0   0   591   0   0   0   79   0   0   0   0   0   0   243   357   0   0   283   0   0   36   0   0   165   0   0   0   1408   0   86   195   4242   0   0   36   0   0   0   850   0   4391   0   12   0   3660   0   0   0   7   17   0   0   6577   0   0   1   0   0   0   0   0   0   982   0   0   0   2273   195   0   0   23   0   144   0   0   0   1959   1734   
70   0   0   0   0   0   28   0   9   0   0   196   0   1028   0   79   0   208   0   106   0   0   388   0   0   0   0   0   6   0   0   312   3   0   703   0   634   0   232   0   0   0   0   5   20026   157   0   40   0   0   324   0   424   0   764   195   0   353   0   0   618   0   0   0   0   0   0   0   0   0   0   2706   0   6532   0   0   0   467   0   261   0   51   98   0   0   3   78   0   0   0   0   0   16   0   0   5097   0   0   0   14   5   0   0   0   1167   0   0   0   0   0   
0   0   26   0   0   2218   0   0   0   1330   0   0   475   0   0   0   0   356   232   0   0   0   117   0   0   0   117   0   0   0   91   0   0   116683   85   591   0   0   1687   70   0   204   162   0   0   0   0   174   37013   0   0   0   776   0   0   0   190   1687   0   972   0   0   0   0   12   0   0   0   475   0   45   0   0   0   283   0   0   6984   0   0   0   0   0   0   0   107   0   0   0   0   0   1   1701   0   0   17   0   0   220   0   0   0   226   0   4874   6   0   2218   0   0   
0   0   0   180   0   0   0   0   0   0   11266   0   0   2014   0   0   483   0   0   9   4422   0   0   0   0   6   0   6   0   0   0   0   0   0   0   0   0   895   0   2969   0   261   0   0   186   0   0   0   0   0   3   143   0   0   1469   1   4   0   0   0   0   0   1167   0   5   40   0   0   1156   3636   0   180   0   0   0   162   7   0   0   0   0   0   0   0   0   261   5   367   0   0   0   323   0   0   0   0   0   0   0   4   0   382   0   42132   0   0   0   0   0   0   
0   0   0   0   58186   0   0   1330   0   0   0   0   0   0   2243   0   0   0   0   463   0   0   0   0   591   0   0   34   478   0   0   9   0   13624   0   42132   0   0   3627   303   0   0   509   0   0   0   0   0   0   0   29   0   0   368   0   358   0   0   0   0   0   29   82   0   0   0   0   0   79   6   648   724   0   0   0   0   0   288   1072   483   0   0   0   0   340   4   328   0   1649   0   0   0   0   0   1633   70   0   0   2558   0   0   0   0   265   0   0   0   16701   1460   0   
598   178   2   0   0   0   0   0   0   128   107   0   0   764   0   0   1   211   0   0   806   0   268   196   0   0   0   0   0   0   171   895   0   4   0   434   382   2   0   0   4   0   0   113   154   4   0   0   157   0   0   0   0   0   0   0   0   13624   0   0   0   0   0   0   0   0   4   0   0   6   0   0   0   0   0   0   0   0   56   359   0   0   703   3636   0   0   406   6428   4   2   0   0   0   0   23   6577   0   359   32   240   186   0   0   422   0   0   0   0   0   196   
0   0   0   89   0   451   0   0   0   72   0   0   0   0   4874   483   2014   380   0   11266   47   0   0   13   0   0   0   46   0   0   64   1274   233   0   22   0   0   0   166   2243   0   0   0   0   0   225   0   0   0   42   358   0   0   0   4   0   580   0   0   0   0   0   0   812   0   441   0   58   42132   0   5   0   0   32   0   0   0   0   0   37013   232   0   0   0   0   0   0   0   114   6   1072   0   0   2243   0   0   137   483   720   15   0   0   0   11389   9   0   0   0   0   0   
0   0   0   0   48   0   0   9   0   0   0   533   0   573   0   0   0   0   0   32   0   1144   0   2273   0   0   0   0   0   0   0   0   16   0   0   0   390   0   80   0   0   186   0   81   0   0   0   0   0   0   0   0   0   53   48   0   0   0   1156   0   1469   0   0   0   0   831   0   15829   0   15   0   0   0   0   0   0   0   3   220   0   0   0   0   0   0   0   144   0   0   0   0   86   0   0   447   0   0   35447   0   0   0   0   520   0   0   0   0   9365   0   0   
0   0   0   0   652   0   2430   0   4   118   0   28   0   0   406   0   2393   12   0   0   0   0   972   0   99   0   131   0   0   0   0   0   0   15   0   0   0   39613   0   0   1304   4109   0   28845   0   0   0   0   0   132   0   0   0   0   0   0   29   0   0   0   0   309   0   29   0   232   0   0   0   111   0   16701   38   70   0   1274   2834   0   0   28845   0   36   0   831   0   131   0   0   0   0   1070   42   0   0   2646   0   402   0   0   0   83   0   0   70   0   0   1522   0   144   0   
0   296   0   5097   196   0   0   0   89   0   0   0   0   0   0   0   0   0   0   0   0   0   0   160   28845   0   0   0   0   1595   602   0   0   0   0   0   1958   0   0   2   0   0   0   0   0   0   0   26   476   324   0   402   0   0   186   0   0   0   0   15829   0   0   0   0   0   0   107   0   32   462   0   0   0   2285   0   3294   0   0   0   0   0   0   240   0   0   2897   0   46   0   87   0   0   0   80   0   0   0   3382   0   0   0   0   0   154   0   0   0   28   434   0   
0   32   0   0   89   0   853   0   353   0   258   0   13   4874   0   0   359   0   128   0   0   0   0   0   0   0   0   0   1099   0   0   247   451   0   0   0   4   82   0   0   0   134   596   0   111   79   676   0   151   0   1701   3223   0   0   3240   0   0   4   180   0   0   13   78   0   0   0   0   0   9365   125   0   0   1   0   0   3206   776   0   0   0   48   0   2646   0   0   0   0   0   0   0   4730   0   0   117   0   0   0   0   0   0   0   2834   0   0   0   0   2   0   658   23   
151   0   0   0   89   0   0   0   0   0   2834   0   0   0   0   196   0   0   0   0   0   0   87   0   0   0   324   0   0   0   962   0   3223   0   162   0   675   0   0   0   9   0   12   91   522   0   113   2   0   0   0   0   0   0   197   0   679   0   2883   107   0   0   463   5046   0   0   14   0   6984   14   0   2224   1958   478   0   0   0   0   0   0   0   14   0   0   0   0   0   0   0   0   0   123   972   0   0   99   42   0   0   0   18   0   0   0   0   0   0   0   0   0   
0   470   0   36   1649   0   0   0   0   0   92   0   0   0   0   0   0   38   390   0   0   0   429   0   0   0   0   337   0   1734   0   0   9   0   0   0   0   0   178   0   106   0   0   0   296   160   0   132   0   261   0   13816   0   0   0   151   0   441   5097   0   0   0   410   0   749   0   0   3363   0   0   0   0   1396   0   1633   0   5046   0   0   23   144   0   28   144   0   486   1304   0   1156   0   0   0   7   0   0   0   0   15   0   4618   1371   0   0   0   112   0   1070   89   114   5   
0   2218   0   80   9518   0   831   35447   0   0   0   317   5521   0   0   0   0   0   0   0   0   0   0   0   0   0   0   447   2218   0   0   0   451   0   0   0   0   0   2285   0   0   0   0   4982   92   240   0   0   50381   0   0   80   0   0   1196   29   0   516   5268   9   307   0   0   0   634   0   17558   0   1469   0   0   15   0   1408   0   372   0   1479   0   0   0   1408   0   716   1386   152   353   0   0   390   134   14   0   692   0   0   0   0   0   0   0   0   0   0   0   0   895   0   0   0   
0   48   0   998   0   0   0   281   0   0   0   0   0   11950   240   0   38   0   874   36   0   0   220   0   0   0   0   0   0   10   0   0   225   0   0   2   51   0   0   0   0   757   0   4874   0   0   0   0   100   239   0   75   0   0   158   0   0   0   11266   0   0   0   324   0   0   0   4963   0   134   0   1701   0   0   0   0   0   56   878   0   0   6   0   0   0   51   0   0   114   0   70   0   0   0   0   0   0   565   0   0   0   0   0   0   0   28   0   0   0   204   0   
0   1959   0   4   0   0   0   623   0   0   0   0   0   0   0   17919   0   86   0   0   0   0   154   0   226   9   4084   0   0   86   0   0   0   0   1959   0   0   0   12   463   0   200   0   0   16   0   1479   0   0   0   2   0   89   0   0   0   0   0   0   0   0   0   0   17   11389   0   0   0   39613   3382   0   0   1605   3240   0   0   0   0   0   522   522   0   0   195   0   0   0   0   0   211   0   0   116   3206   396   0   1460   0   0   330   0   0   14   0   0   0   0   160   0   2014   
0   2430   0   0   0   137   0   0   72   0   0   324   0   0   0   211   0   0   0   1487   0   0   0   0   0   15   0   0   0   0   0   0   4   0   0   2165   0   9   0   0   2834   0   0   0   0   0   208   0   0   0   0   618   0   0   7329   0   0   0   1129   86   0   0   0   83   0   4864   0   0   0   390   0   0   0   0   56   0   0   0   4422   0   0   0   0   0   143   0   0   0   0   0   0   0   1522   962   366   0   16235   0   0   0   0   1687   0   0   0   0   0   0   0   2969   
0   0   0   340   0   0   0   1112   0   116   0   0   0   0   1132   0   0   157   0   0   0   89   4422   0   0   2706   0   0   0   80   0   85   0   5   0   0   0   0   0   0   0   1567   0   0   0   0   983   0   0   119   0   6   0   220   368   0   11266   0   0   157   4874   0   67   103   0   0   0   0   6   0   0   0   5521   0   0   0   3636   0   0   0   0   162   676   28   0   0   0   186   423   0   0   1649   0   0   0   0   1396   0   0   0   0   0   0   602   0   586   112   591   0   0   
6   0   3363   154   0   0   0   0   28   0   2706   0   358   0   0   11950   0   0   0   86   0   6   0   0   0   0   59   0   9518   0   0   0   0   0   0   178   268   0   0   0   0   0   0   0   0   0   124   0   0   29   0   0   2   0   0   80   0   0   258   2723   0   303   0   6025   116683   1335   4618   0   483   0   6   3627   0   692   0   0   0   0   0   186   5097   1460   0   0   1070   0   13624   0   89   0   0   358   0   0   0   0   9365   0   0   0   0   0   405   0   0   0   0   4963   0   0   
0   0   0   2   0   0   26   0   0   0   0   0   0   0   0   0   0   0   895   0   0   0   0   0   958   0   0   0   0   164   20026   0   0   0   0   0   0   122   0   0   0   0   0   0   0   0   233   0   0   1163   0   154   0   602   81   0   232   29   111   0   0   0   0   12   0   0   70   0   0   460   0   70   424   0   15   0   0   114   0   586   0   0   6517   0   70   87   107   0   0   0   0   0   0   82   422   242   0   0   0   0   1487   0   1649   323   0   0   0   0   69   0   
0   0   18   380   0   0   2723   0   1455   510   0   0   4   358   0   0   0   0   0   200   0   0   0   0   359   0   0   0   0   0   0   0   0   178   53   0   0   0   0   0   0   0   0   0   0   0   15   0   0   283   3461   663   0   89   0   0   161   0   0   5   0   0   0   72   86   0   0   216   0   0   1958   337   0   106   36   0   0   3363   0   0   0   0   6   6517   0   19   0   0   0   0   0   3   0   0   0   0   0   0   0   309   0   0   0   0   0   0   162   83   0   0   
134   0   16   0   0   0   0   441   0   0   0   0   0   0   0   64   70   0   72   0   0   4864   0   0   29   0   0   89   0   186   0   0   0   0   0   0   0   125   0   0   0   0   0   11950   0   0   0   0   0   0   162   3   962   2   0   16235   45   0   247   4730   0   0   0   37   0   1469   0   4864   630   0   0   0   0   0   0   0   0   2273   0   0   3   272   586   0   0   0   0   0   0   2706   0   0   0   7   0   0   0   676   0   1194   330   555   46   0   0   0   0   0   0   0   
0   0   0   0   0   0   186   982   0   7   0   0   0   982   1140   0   0   0   0   0   0   0   483   969   0   0   0   0   0   2398   0   0   28   125   60   0   52   0   2176   0   317   70   0   0   0   99   83   0   0   0   0   0   0   0   2558   0   679   0   0   6   0   0   98   0   157   2218   0   45   2   0   0   0   0   20026   17558   0   0   0   0   410   0   0   0   0   225   9   0   4644   0   3547   0   0   0   0   0   0   0   0   0   0   0   0   232   0   0   0   1687   0   0   0   
0   204   0   17   0   0   0   129   0   0   0   1335   0   151   0   1701   74   2328   9   0   0   1958   0   0   0   0   0   0   0   475   0   0   623   0   0   0   0   38   128   0   0   382   0   0   0   218   0   0   0   232   0   0   0   0   0   0   0   19   281   0   89   0   631   38   125   0   0   0   0   5   0   2723   2453   0   0   317   5521   0   0   19   0   0   0   0   0   0   0   91   0   0   213   4730   0   0   0   0   283   0   42   20026   0   0   0   0   0   0   0   0   1386   0   
1112   0   106   0   0   0   0   0   0   4109   0   0   764   0   0   0   0   0   0   74   208   0   17919   0   0   0   0   0   124   0   0   9   0   0   1   0   0   0   0   0   0   0   0   0   268   0   87   3   0   124   0   0   0   0   49   0   0   0   0   0   0   0   0   0   0   317   0   0   0   124   0   0   0   0   43   0   0   0   520   0   0   0   0   303   0   0   4   268   0   83   0   0   0   0   9   0   0   0   0   0   0   0   3382   239   0   113   831   2453   0   470   
128   70   0   0   246   32   0   0   0   0   0   0   1196   0   1633   0   0   0   0   0   0   0   0   0   0   0   0   7365   0   3636   3363   611   788   0   4084   45   144   0   0   0   0   0   0   0   0   0   0   0   61   35447   0   0   0   0   0   0   0   0   0   0   0   0   0   0   1633   0   0   3627   0   0   0   0   0   0   0   6428   0   703   2883   0   1163   232   0   1479   0   0   0   15   0   0   0   2273   107   607   0   764   0   0   0   0   3   0   0   0   34   0   2446   0   0   0   
455   0   0   0   35   1687   226   0   0   0   0   0   157   467   0   0   0   0   422   0   2243   89   410   1   0   0   0   0   144   1028   1129   0   580   307   0   0   0   0   2   0   0   0   0   0   0   0   0   1028   0   0   0   0   0   0   0   658   0   258   371   0   0   0   0   0   0   0   4   0   648   2218   2165   0   0   1487   0   0   1522   0   0   0   107   0   0   0   29   0   0   0   776   0   0   107   0   429   340   0   0   0   23   675   0   0   0   0   37   0   0   2891   0   0   
0   0   0   132   0   0   0   242   0   0   0   0   19   2218   92   676   0   0   4874   2165   28   692   0   0   423   11389   0   0   27533   0   0   0   0   0   0   7179   0   0   0   0   0   0   0   0   0   0   1304   0   0   0   0   32   0   580   12   0   0   70   0   0   0   0   11266   0   0   0   0   174   0   70   0   0   9   0   0   0   2   3   49   12   0   19   2   0   1582   111   0   0   0   58   0   7329   15   0   0   0   0   3240   4   0   0   510   0   0   520   0   3240   0   0   0   
0   0   676   0   0   0   0   0   0   0   0   0   0   0   32   4710   12   0   0   114   53   23   0   0   0   0   11389   679   679   0   0   0   0   0   0   3   0   218   383   0   0   0   0   0   0   0   0   18   0   0   1649   0   20026   0   0   0   0   272   0   0   0   32   69   0   0   0   0   0   45   0   0   560   0   0   0   0   180   0   0   0   0   0   0   37013   0   86   0   0   0   0   0   0   324   0   716   0   0   0   0   324   309   0   2432   0   0   0   28   2   70   0   
0   0   788   0   0   0   0   48   0   0   58186   0   19   0   92   0   100   22   0   0   59   125   16701   463   0   0   117   0   0   0   0   0   0   0   0   0   0   0   0   0   0   87   0   0   831   75   0   0   190   0   126   0   0   15   19   0   4084   6   0   116   0   0   495   0   0   0   0   0   0   0   0   0   0   11389   0   0   6   0   0   75   0   0   4   0   0   111   1595   0   0   0   0   3660   0   0   0   0   24   0   0   83   878   18149   0   0   4674   573   1129   0   0   547   
0   0   0   0   0   171   0   0   0   0   0   0   80   0   0   0   0   0   0   0   123   0   13816   0   0   0   0   0   0   2883   0   0   0   0   0   0   0   0   2883   0   1   0   0   0   31   0   0   0   1396   0   0   0   45   0   0   2723   0   67   1371   260   0   0   483   3212   0   0   0   522   0   0   0   0   174   42   0   0   0   0   0   0   144   0   4   0   4730   47   0   0   0   0   0   240   676   0   180   0   190   998   0   0   0   4   0   0   0   0   0   0   0   0   
0   0   195   0   0   663   0   0   0   0   0   0   0   359   0   0   0   1455   0   0   2834   1408   0   0   1348   188   324   0   0   1633   0   4644   28845   0   621   2   0   0   0   0   0   564   246   0   6025   0   0   7365   161   0   0   0   0   0   1   0   0   0   0   0   0   0   0   998   0   0   573   180   0   0   0   0   1335   11389   196   0   0   0   0   0   0   60   0   0   0   196   0   1348   0   0   0   0   40   467   17   0   0   0   0   2706   0   0   5   100   0   0   0   0   0   675   
0   178   9   0   0   969   0   0   0   0   0   0   0   0   0   0   0   0   0   15   0   45   0   0   0   359   0   0   0   106   180   0   0   463   3660   32   200   0   0   0   0   0   2646   0   2706   0   0   0   126   0   0   0   0   128   0   0   0   0   85   6577   0   0   0   0   0   0   0   0   104   422   111   0   0   383   0   0   0   0   596   0   0   0   0   0   0   0   180   0   0   1414   0   0   0   55   0   0   0   0   0   0   3636   0   0   0   114   128   547   0   1846   0   
0   1140   0   0   483   0   0   0   0   0   0   99   0   0   0   0   17   3627   0   0   0   0   0   0   122   559   1   0   0   0   17919   0   0   220   0   0   0   177   196   0   0   0   161   429   0   972   0   0   89   0   0   0   0   0   0   0   0   0   0   0   0   0   0   0   161   0   0   2   0   0   9365   0   0   388   19   26   18023   0   2328   28   2365   0   0   194   0   1296   0   6532   0   0   0   0   0   0   0   0   0   0   117   0   0   0   0   0   0   0   0   520   0   0   
0   513   15   0   6   1   0   13   0   0   0   0   0   0   0   0   0   0   0   0   0   238   114   0   1455   0   0   82   0   11266   0   0   5046   0   0   0   0   5521   0   0   0   0   0   0   1140   0   6849   0   99   0   92   0   161   337   0   0   0   0   0   0   6   0   0   0   0   0   0   0   0   0   0   0   51   18149   0   0   0   0   0   0   0   5   0   0   0   0   0   0   0   281   562   0   0   0   0   0   0   0   0   1082   82   0   6   0   0   0   0   0   0   1186   
0   652   0   560   0   0   0   0   6   69   0   0   0   0   0   0   38   4   0   0   478   0   296   0   0   169   0   0   0   0   0   0   0   0   0   0   0   0   509   1274   0   37013   0   0   434   0   0   0   89   0   0   6   0   0   6517   0   0   1487   0   9   0   0   0   31   0   0   0   0   14   31   38   80   0   0   0   2328   0   0   0   0   0   6   4   0   0   33   340   0   243   0   18   0   520   0   0   52   0   0   0   0   0   0   0   559   0   0   0   0   0   676   
242   0   0   1082   0   0   0   0   0   61   0   0   0   0   0   2   0   0   71   0   0   0   0   0   81   0   0   58   0   0   13   0   724   46   0   0   0   0   0   0   2165   0   0   0   0   0   648   15   0   0   81   0   357   0   560   0   29   0   1163   0   79   307   0   0   9   47   0   0   0   0   0   0   0   0   0   9   424   0   0   3382   447   0   0   0   0   0   89   0   0   0   265   0   0   0   4874   0   0   0   0   0   36   0   14   0   0   0   0   0   0   2891   
59   0   0   319   0   0   10   0   18   0   2165   0   0   0   0   0   0   0   624   0   0   0   0   0   0   86   40   0   0   0   0   0   238   0   0   582   111   0   2   0   0   0   2646   28   0   0   0   676   0   45   0   0   0   0   0   0   0   0   6530   0   1846   0   0   6   0   0   831   0   0   0   720   122   1846   0   309   0   543   0   396   6532   0   0   0   0   0   0   0   324   0   0   0   71   55   0   21   0   757   0   2   60   0   0   0   0   0   56   0   0   2706   0   
6   0   3294   83   0   0   930   4   675   0   0   3206   0   0   0   0   0   52   134   0   0   0   0   0   0   0   36   129   0   29   516   0   0   0   0   3633   0   0   547   0   0   3   0   0   0   89   0   0   0   0   0   0   0   0   0   276   0   116   0   281   42132   0   0   0   0   0   0   0   160   0   0   258   0   0   0   0   0   2646   0   716   0   0   0   0   0   0   0   2218   0   1649   0   470   0   1586   0   388   0   366   0   0   580   0   0   0   0   2883   33   0   132   0   
0   0   0   0   0   0   165   0   0   27533   0   216   15   0   5   0   10   0   0   0   0   0   0   0   0   0   0   7   0   0   6577   0   0   0   3   18   0   220   520   122   0   0   0   0   17558   0   0   0   0   0   3294   0   0   17   0   50381   1296   116683   0   0   0   0   61   0   0   261   161   0   177   0   396   0   0   124   0   0   460   137   0   0   0   0   1904   0   621   132   12   0   67   186   0   0   0   0   0   0   1194   0   0   516   0   0   0   0   0   0   58   0   0   1   
0   0   0   265   462   0   45   70   0   0   0   0   0   0   3   0   56   0   5   0   0   5097   560   0   0   0   0   0   0   0   0   0   0   6   12   1194   2   1479   0   0   0   0   0   0   19   0   0   0   982   0   0   0   0   309   0   0   0   0   0   0   0   0   0   0   0   15   1487   0   0   58   0   4   0   410   0   0   0   0   276   0   0   0   757   0   0   0   303   5   0   0   0   0   0   0   0   1734   0   0   676   171   45   0   0   0   0   0   0   0   0   0   
