100
0   0   0   15524   4020   0   0   0   3328   0   0   0   38279   0   0   430   0   15535   0   0   0   0   0   0   0   0   0   0   1768   43   0   889   1976   26985   0   0   25113   0   4916   4895   0   11161   4650   0   0   3880   2866   0   0   4108   0   46925   0   0   0   26961   0   0   0   70991   0   0   0   0   0   76751   101843   0   0   0   25209   1118   0   0   0   329   0   0   9   0   0   0   0   0   0   57339   0   9675   0   21856   17731   0   0   0   0   0   0   0   0   0   
0   0   0   0   0   2776   0   54550   724   6672   0   1453   1318   20455   54   0   0   0   0   0   0   5094   0   0   0   0   3596   0   9675   50   244621   0   31985   9658   0   137   560   0   0   0   0   0   7881   0   0   17105   2194   0   890   1942   0   0   1171   126052   505   0   56946   2066   0   7526   0   0   0   0   0   0   11204   0   0   3347   6189   105   0   0   0   2019   0   0   18412   0   500   0   0   0   5500   0   0   0   0   10813   20   0   2194   0   23586   0   889   3966   0   0   
469   14808   0   0   520   50   1879   322   0   155869   0   3880   0   0   0   0   0   0   0   0   79   6   1021369   0   0   0   0   181   3375   0   0   2523   6926   0   10480   2862   0   0   24020   0   0   0   10799   0   3375   0   0   0   78314   0   0   0   3674   3347   14382   0   15868   0   4937   23330   3372   0   0   0   0   0   0   9   9744   15925   37860   770   0   0   0   930910   5305   0   52   8688   0   0   0   0   0   1379   0   4217   0   0   0   0   0   2325   0   46925   3321   0   0   179   
0   0   0   0   491   26985   0   0   129709   140193   0   4838   0   0   0   2231   18738   0   468   9019   0   0   0   11003   11416   2098   7090   4795   4362   0   163   0   9395   197   0   8811   67165   0   15620   64406   0   0   0   3321   0   0   0   6115   0   10112   0   0   0   0   215   0   18810   0   0   3507   0   190817   0   0   0   2850   8919   78597   0   0   0   0   0   0   1106   0   0   327   2598   0   0   2598   0   0   12569   311458   0   0   16156   0   50827   288   119969   0   0   0   488   0   0   0   
0   0   2975   0   0   2629   4970   0   0   0   0   2797   212532   5500   0   0   0   0   0   0   0   0   10429   0   0   0   3966   183951   2965   0   0   0   0   24   1942   0   0   3317   0   11798   0   7500   0   1089   0   119969   0   23396   10813   38579   0   0   7211   509   765354   0   0   0   683   1878   1161   2915   31985   3179   0   0   0   4220   13832   155869   0   0   0   0   76751   0   0   1212279   106150   5867   0   0   0   0   0   23586   0   145   50790   2594   2500   7881   1275   0   34790   9019   52063   0   190180   5094   
0   0   0   0   375   0   5637   0   0   0   64406   21   0   707   10941   0   105   2231   59832   0   0   0   59   93   0   237   0   3596   0   6379   7931   0   0   0   18810   308   11278   0   0   0   4786   0   0   0   5436   25209   707   0   9744   280   163   56   22209   3737   24   0   100   0   12972   0   0   2598   5867   0   0   9811   1652   0   0   1043   5157   420   5779   163   0   0   0   0   742   0   0   74   1207   0   3001   2175   0   1879   0   0   13832   0   0   3347   0   40056   0   11416   0   0   
0   0   321   0   0   346   0   0   665   0   0   9948   13261   0   1745   0   0   3966   2463   0   10799   265   0   0   0   0   0   0   0   39906   0   0   0   4487   18118   21234   0   0   23669   61   0   0   0   0   0   0   194008   25800   0   0   43740   0   0   0   0   0   0   667020   2629   20   0   0   0   49   10680   8597   59   0   5972   0   0   12823   728   0   0   2474   0   0   4680   39906   0   0   0   0   0   0   1171   45   19982   5703   0   0   0   0   0   0   44005   379   0   0   
100   0   6   0   24   8477   4410   0   5972   0   2257   0   0   0   0   0   0   5436   3596   0   0   0   54816   21673   765354   0   375   0   0   520   670   0   0   0   0   0   0   0   0   13357   0   760   237   0   0   0   0   0   2797   0   0   14081   31985   8376   0   2175   0   0   0   0   0   0   0   0   2474   1319   0   5673   0   600   6770   20   2066   0   5157   5055   411   21590   3045   0   0   0   0   0   20455   26961   109133   0   4650   321   0   0   420   0   0   3880   0   0   0   0   
0   4215   0   0   0   1313   0   0   0   82   93   0   105   0   0   14382   0   9826   1131   0   15967   0   987   0   0   0   0   0   3627   0   7784   0   0   17731   0   0   0   231700   0   18738   2879   4362   0   1088   1249   0   0   0   0   796   0   0   1171   0   0   1110   0   0   0   0   2546   0   19556   0   25843   10929   0   0   0   11109   0   0   0   0   57339   1089   23290   5180   0   79   169   511   8388   0   54550   67165   0   0   0   33033   0   11278   0   0   0   0   0   0   0   0   
0   0   0   0   0   0   382   0   0   0   0   13261   0   0   0   0   29175   2039   0   5803   0   0   3813   6517   0   449   0   1003   1512   0   10   139828   979   0   0   3   1379   1967   0   3754   0   183951   772   0   0   0   1954   0   29151   29   3   0   0   0   328   3368   179824   0   0   0   2797   0   828   0   0   0   61   0   8511   0   26985   0   0   0   8410   2231   9826   0   0   15125   0   12569   0   0   270   4735   0   0   0   11278   1253   22387   0   0   231700   0   18412   0   0   145   
0   0   0   0   0   8477   0   9658   63   0   0   0   32414   14808   0   0   0   0   38579   0   10   1789   39906   0   500   0   0   0   0   0   270   9628   0   1110   578   3393   53392   0   0   0   0   88989   82   0   0   8477   6   981443   0   835   0   0   22475   0   1000   315379   0   0   0   54816   987   0   0   290   0   0   0   0   0   21856   0   0   0   0   0   59   3754   0   488   0   0   0   41757   0   7931   0   10   0   0   26736   5436   0   204   3367   0   0   0   0   0   0   
0   0   5500   2088   25347   35519   0   0   0   0   0   0   10062   0   3858   7812   0   0   0   0   0   58692   0   84271   0   50827   0   0   0   9448   0   0   0   989   20814   0   1379   0   338   6848   0   0   0   0   0   0   0   8638   394   100   0   0   1282   0   948   19869   0   0   0   0   0   670   0   0   0   0   0   0   41757   770   2776   0   17681   0   596   0   0   30927   0   1566587   26013   181   0   3321   0   4650   1362   0   14299   0   35227   728   0   0   0   0   0   1183   7552   468   
11204   0   0   8388   0   0   133130   0   0   0   0   373   0   0   0   0   9948   270   439   20105   10670   0   0   0   311458   0   0   0   9811   0   338   0   29589   0   1249   0   887   3042   1943   85689   0   199   0   0   0   9   596   578   17332   0   1249   0   0   14792   91017   1161   0   279   0   0   491   44005   0   0   0   0   0   0   14808   8176   1512   770   0   0   1490   0   6370   0   0   155869   314   0   197   0   0   4895   0   0   1125   3995   0   0   15626   0   0   0   0   0   0   0   
5633   0   0   0   0   0   0   0   1891   0   0   0   135991   0   1106   0   429   0   0   5867   0   0   0   3292   5637   0   0   0   2257   3858   0   0   0   0   63   0   1227   0   0   0   394   0   0   0   0   0   4   2066   0   0   0   0   3712   2   0   0   373   0   0   0   0   0   40056   0   0   0   1078   129709   0   3375   5304   2850   0   0   9195   3292   382   24   1401   0   0   0   0   0   0   520   0   17686   0   7557   0   0   0   40   430   0   0   0   0   5157   
0   12932   0   0   4108   140   0   0   140193   0   17731   0   0   4650   0   0   1212279   9448   0   0   0   0   0   70991   20239   0   1843   0   0   0   0   0   0   0   5673   0   7090   0   59832   4   14081   0   8919   0   0   0   959   0   455   8046   0   25347   0   0   0   0   54   9448   4410   0   673   2   218   1078   0   0   0   0   2686   1110   6672   0   29151   0   0   0   169584   0   0   0   29   5867   0   0   3596   981443   0   0   12798   0   0   63   354   0   0   0   0   0   23359   0   
0   0   0   0   0   0   0   0   0   0   0   0   0   269607   0   0   0   1362   0   0   0   0   0   0   3338   0   0   0   50   0   0   3880   0   0   832   9448   0   9950   0   5803   3754   0   338   828   0   57339   0   60318   0   0   0   0   0   1031   0   2736   0   0   13297   0   4795   0   0   2598   0   0   0   0   0   0   0   8811   0   0   244621   0   98853   0   455   0   0   0   0   0   10813   5180   11003   0   4895   0   0   18118   0   0   2686   0   0   1843   0   9730   
1453   3283   24   8724   0   0   0   2554   0   0   190817   0   0   0   2231   0   0   0   0   0   190817   0   26985   9   0   0   5867   0   488   0   33033   35   0   7784   5   4487   22475   2175   0   0   0   0   0   328   0   0   0   0   24   261   0   296   10480   0   660   0   0   22475   710   1034   1078   11636   0   125   15090   0   0   0   0   0   0   0   0   0   0   0   270   0   0   13907   1161   0   6758   10160   0   53392   0   9744   0   0   8511   0   1171   0   0   625   20455   0   5335   765354   
19982   9950   0   0   10813   0   0   0   0   0   0   0   0   4143   0   0   0   0   796   0   17105   0   0   0   80   52063   0   15967   0   45   0   0   78   0   796   8724   91017   0   0   4410   0   0   24020   0   0   0   3532   0   590   1031   0   636   0   0   0   0   0   0   0   40056   19683   0   6926   0   0   0   0   0   0   0   0   135044   0   0   0   0   0   0   0   43408   2474   100   0   1512   0   270   0   0   0   8919   4895   0   0   0   0   491   0   0   0   0   
0   0   0   0   0   0   4175   0   0   0   0   0   0   11798   1861   5867   0   21701   0   10160   0   9   0   0   18224   0   6758   0   1768   0   0   0   1416   33384   932   4921   0   9   0   0   0   0   0   0   15524   0   0   0   0   0   3111   0   132   0   26736   880   1647   0   1043   0   0   0   37860   5055   0   820   0   742   300   0   0   796   0   5436   0   0   0   12569   18412   0   0   17687   0   0   0   51507   0   0   0   0   0   796   4111   0   2906   7645   7528   3966   328   1942   
0   0   0   0   0   0   0   9826   0   0   0   0   41255   35519   0   231700   0   0   0   0   0   0   0   0   9770   40056   0   0   0   0   126163   56946   0   59   0   1275   0   0   0   0   10799   21701   0   0   2594   0   0   0   4916   17931   1569   1040   1311   0   0   0   2523   10940   0   0   0   0   0   0   0   10670   0   0   0   0   54816   0   0   0   0   0   0   0   0   0   0   0   23359   0   0   0   0   24579   101843   0   0   0   5436   490   0   0   658   0   0   34790   
0   190817   22475   0   670   5094   11636   9826   0   0   0   50   338   0   0   0   1954   2000   636   3375   0   0   0   0   3858   997   0   0   0   597   0   0   0   0   0   35227   0   0   0   0   0   88989   15626   3754   77146   24579   0   0   0   288   0   0   2686   0   0   0   0   78597   0   0   0   49   300   0   1318   136   0   0   11416   51560   0   0   0   0   0   0   0   0   0   0   0   23290   14081   0   0   91017   0   1043   0   0   0   0   0   3372   0   0   0   0   0   10941   
0   0   269   18810   0   0   0   4   0   0   0   0   429   1789   0   41757   0   0   3880   0   0   0   0   890   0   0   0   0   0   0   32654   1318   0   200   0   0   0   0   20814   27267   0   0   0   288   0   60318   0   0   0   4838   0   7435   0   989   0   0   0   0   0   95703   0   0   25800   379   0   0   4024   1311   0   0   0   63   0   0   0   0   0   0   8410   1031   7881   789   0   0   0   0   0   6517   0   2555   0   0   511   0   0   54   0   1282   0   24579   
4971   0   14808   1962   0   0   0   0   0   0   0   143   2629   0   0   0   1207   6747   0   5921   0   0   0   0   0   0   279   0   327   0   0   5304   0   0   0   9195   0   0   54816   0   0   373   67807   1110   1967   5421   2   6215   0   0   0   0   0   2850   0   981443   0   79   0   0   12823   0   16044   77146   0   0   1275   91017   0   0   16044   2595   635   2   0   40   45   106150   0   0   6517   0   0   1349   0   0   0   0   0   56946   0   0   2098   0   4921   0   0   0   9770   181   
0   0   0   0   0   45   0   5305   0   0   0   314   0   0   0   3532   0   7645   0   7460   0   60916   369   0   0   0   2850   350   0   279   18738   0   58692   0   0   0   0   13161   100   0   0   0   0   0   11161   0   820   0   15620   0   0   0   11010   0   0   0   0   1891   0   0   665   32414   0   0   0   59   3283   0   0   0   0   206378   0   0   2112   0   0   0   0   0   37860   0   9811   18810   168   24020   0   0   1649   11161   3045   979   5305   0   0   0   9658   0   0   0   
0   0   6517   2181   0   0   261   5157   15535   0   0   5335   0   194008   9948   0   140   0   9730   0   0   0   0   0   0   2112   0   0   0   4970   143   76751   0   0   0   6517   3321   0   3126   0   101843   0   0   0   0   930910   19982   37860   132   0   34331   0   832   0   0   422   0   0   0   0   0   0   9826   133130   4487   9454   0   2894   0   0   0   10940   0   0   17931   0   17681   0   0   0   0   3556   0   0   0   9147   0   0   16804   0   1088   0   797261   0   6434   2183   0   7552   10680   0   
0   0   1131   0   0   9675   2797   0   280   0   54444   0   20239   0   6848   0   0   0   5633   0   0   0   0   0   26944   0   8176   0   0   279   0   0   0   4353   0   0   0   5335   0   11416   79   1313   7931   0   41199   46925   50790   116393   0   0   126052   50   0   0   37860   0   0   126052   0   0   1088   0   4053   0   21069   0   0   0   0   0   8477   0   51507   742   10480   3057   20455   3057   0   0   0   0   0   26949   0   3283   4735   15925   0   1789   0   1118   0   0   0   60318   673   0   0   0   
455   0   0   6672   24   0   0   0   0   0   439   258444   0   0   0   0   38579   0   0   0   3441   0   0   0   1040   0   0   9770   1003   0   0   0   0   625   0   2879   0   38645   8688   20814   710   2686   0   0   24   0   2546   0   0   0   0   2066   288   0   0   0   0   0   327   0   0   0   0   0   20455   0   1967   0   592   683   1943   0   0   0   0   133   8046   0   0   0   50827   3321   0   0   50827   0   0   0   0   12972   0   0   1362   7552   597   0   0   3126   0   0   
5180   314   789   8597   85689   8597   0   0   0   17   13729   3292   17413   0   0   486   0   0   0   0   13161   0   0   6   1362   38279   0   0   105   0   0   0   3317   500   0   0   0   1021369   129709   206378   2000   215   828   0   46933   67807   2975   0   0   0   2629   0   930910   0   174796   137   7090   0   992   812   2797   1789   379   0   0   0   0   6370   8941   0   8688   0   0   4353   6   20   0   0   0   64406   0   25896   0   1253   1483   0   725   10101   0   0   0   0   625   0   352   119969   10105   0   0   77620   
0   0   0   0   0   0   0   0   0   1579   420   0   4353   0   0   26736   0   0   0   4937   74   5   890   148157   0   0   32414   31198   0   0   7232   0   0   0   0   0   0   0   0   707   0   0   1232   0   0   31198   3179   0   11391   0   0   0   9   0   0   270   8919   0   224   1349   500   9448   0   0   0   0   429   82961   125   0   0   3507   0   0   797261   0   0   0   0   7400   0   5304   66745   0   0   0   0   0   3813   3684   0   0   6215   0   0   0   7931   0   0   0   
0   13030   0   6434   0   4353   36168   45   199   59   0   0   2778   3792   0   930910   439   0   3532   1512   0   4   0   0   3514   30458   0   7013   0   0   0   53392   0   2736   0   0   50   30888   0   0   9   0   1118   0   2500   338   9826   0   0   0   25209   820   4362   2965   0   59832   0   13161   0   135044   0   0   0   0   0   0   0   346   0   0   0   0   0   0   20814   59   0   3737   959   0   0   0   7528   0   0   0   23330   4025   0   1161   24579   8176   0   0   0   0   0   0   0   2598   
0   0   6370   0   0   0   0   0   0   0   0   0   0   0   6144   0   0   0   0   7400   3001   30927   0   0   0   145   1249   0   0   0   0   0   0   4220   8   742   0   296   0   16804   0   0   0   0   4795   0   0   4   0   3292   4481   13261   0   4215   0   461   0   0   0   0   0   290   0   0   0   0   4362   0   9826   0   5094   0   0   32654   0   0   0   0   0   15090   0   85689   6335   1957   0   0   0   4627   11204   0   3179   0   0   0   0   1789   9448   7552   0   0   
0   0   0   0   4970   0   2016   0   0   57339   0   0   6672   0   0   0   0   0   0   0   0   0   0   889   0   0   0   0   665   0   135044   0   0   0   0   9195   17332   0   490   0   0   265   578   0   0   0   0   0   2797   1043   1078   0   1861   812   1878   0   0   0   0   0   4024   0   0   0   0   500   0   36168   0   0   0   30458   0   0   9451   17687   0   0   0   7460   6848   0   1566587   50790   136   0   0   0   0   14382   0   0   0   0   4680   0   0   0   60916   555   
0   760   0   0   0   0   0   930910   948   129709   0   0   0   0   12798   0   0   0   0   0   0   0   2686   0   0   163   0   1891   0   0   25347   0   0   0   0   0   0   163   0   251   0   0   420   181   59   70991   3372   0   3145   0   0   0   0   0   0   8597   0   0   0   0   0   0   14792   0   0   0   0   0   190257   0   0   0   9950   0   0   117   24   1843   3712   0   329   12932   3001   0   0   4025   0   0   0   0   0   948   1453   0   0   1349   67165   209   5335   0   
0   0   0   0   2778   0   1954   0   314   0   0   34292   0   796   0   0   0   0   41757   0   963   0   15620   0   0   308   0   17074   0   0   269607   0   1232   0   0   139828   1125   0   54816   0   66745   0   2325   1891   100   0   140193   0   54816   0   0   0   0   0   0   0   0   0   31985   0   0   0   212532   0   0   0   0   0   0   0   0   0   0   1003   0   0   0   40056   4481   0   59   0   2270   796   67807   100   0   0   206378   0   0   880   0   0   0   992   0   71239   8597   23359   
0   981443   0   1483   9826   35519   0   0   0   0   1453   0   0   0   0   0   0   115   0   0   0   4175   5   0   0   2088   17681   0   0   948   1490   0   46933   0   0   0   0   6876   0   0   0   0   0   665   0   0   0   32311   1362   0   2652   0   6189   6144   2668   0   0   32654   106150   0   54   311458   0   0   0   0   200   7822   585   116393   0   369   41757   560   889   0   15635   0   0   140   9675   0   8176   0   449   0   0   0   596   0   1891   0   0   907   0   322   23669   0   0   0   
0   0   190257   0   24   0   17332   4895   0   0   0   62614   997   0   0   10799   311458   0   0   0   2181   8688   0   3   1275   0   0   0   3057   0   907   3596   0   0   0   0   1401   0   194008   0   0   0   33033   0   0   0   0   237   0   0   135044   9744   20814   5637   0   314   0   0   1313   5055   206378   0   44005   0   19482   0   0   0   261   0   23330   1579   0   0   38645   7500   0   0   0   0   0   280   2668   0   0   0   38645   0   992   0   0   0   0   338   0   0   0   4422   0   7   
0   0   0   439   0   0   0   3179   3317   394   416562   34292   0   0   35227   0   24198   0   0   0   1089   24   0   0   24402   0   0   0   0   0   0   10813   0   4795   314   0   0   24   0   0   0   66745   100   0   0   0   2610   0   215   0   0   1942   0   0   0   872   0   0   5500   2906   0   3283   0   0   0   0   0   0   7   422   710   7822   411   140   0   4650   0   322   30827   0   0   0   0   0   53392   8410   0   2866   0   0   5513   18118   9   0   0   0   0   0   5   0   
0   0   0   50   0   66745   0   38645   0   0   1943   0   0   0   0   1579   265   41757   0   0   0   0   5305   0   0   0   0   20105   0   1967   0   0   20   0   0   1232   0   0   0   12972   257   10940   13161   0   0   0   3514   2098   1868   0   0   0   979   0   21590   0   0   0   0   4410   0   0   3051   1800   1878   0   64306   0   244621   0   0   0   30445   0   4786   56946   4111   4217   5055   0   0   625   0   0   0   0   0   0   0   0   0   5673   505   0   0   0   0   0   0   0   
3338   0   0   0   0   9948   0   45   5421   0   0   0   0   1253   1745   0   145   0   24   257   0   0   17   0   0   0   0   0   0   0   0   0   67807   1227   0   0   0   0   0   0   0   0   8941   0   0   0   0   0   0   0   0   0   311458   0   0   0   0   0   2325   0   27267   0   0   0   369   0   0   0   106150   1088   279   0   0   24   0   0   21590   0   0   0   3375   8287   350   0   6   1878   0   0   20090   4020   0   0   258444   416562   0   0   6747   790409   4111   19869   
0   0   0   4650   0   1954   0   585   0   0   4045   0   0   0   0   1904   0   0   0   0   9448   9454   38279   0   0   23290   5094   51507   0   0   0   2595   0   890   0   0   346   0   0   0   0   5304   0   10105   11182   0   0   7268   8376   0   140   0   2595   0   0   0   0   6848   51507   29151   0   7881   0   85689   0   0   0   745   0   34194   0   560   0   125   0   7268   15626   0   0   0   6517   13297   0   0   6672   0   932   0   4121   1641   0   0   46933   0   0   0   0   0   0   0   
0   7460   0   0   0   0   0   0   772   0   0   0   0   0   0   0   0   0   10026   0   0   0   0   0   7838   0   0   30445   0   382   0   30827   0   0   0   0   0   0   889   10480   0   0   15620   5633   0   0   872   0   11278   20239   0   0   0   0   0   0   746   13832   15635   53392   0   0   0   4487   0   0   0   0   0   147588   0   0   0   835   4024   2594   1954   493   5867   17687   66745   0   346   23396   0   0   2915   311458   0   1227   80   4838   0   0   1868   0   0   0   0   2112   
9826   23669   0   0   0   0   6335   5421   0   6166   1171   0   0   0   0   11798   0   0   0   0   0   3321   66745   0   0   0   0   60916   0   0   0   0   2112   12823   0   1282   0   0   0   0   0   0   296   0   0   0   0   2546   0   3126   0   100   0   0   0   0   3514   10062   7557   0   140   0   0   0   8046   194008   0   0   0   0   0   0   0   0   0   1879   0   0   19982   0   0   7552   231700   6517   0   0   90317   0   0   0   197   0   1282   597   2555   0   0   493   0   0   
11109   2652   10026   0   0   314   1630   0   0   5779   8511   0   4313   820   35519   2778   0   0   15535   3858   290   0   0   0   0   24579   0   0   0   1498   4217   728   5436   667020   0   1789   4121   0   21069   0   8477   15925   0   812   0   0   0   0   1967   0   7371   0   11   346   1088   0   725   872   11003   9   596   0   13832   0   0   0   0   0   0   0   11205   29484   4627   0   0   14382   0   10   0   0   989   21590   4650   0   0   707   0   1043   46925   0   0   0   17931   0   145   3441   183951   491   3   0   
0   0   13297   23586   0   0   3317   0   0   20239   0   2270   0   4795   0   0   0   596   0   0   19556   0   500   0   8432   2652   0   0   119969   0   0   0   0   0   0   0   91017   100   500   0   0   0   7822   0   0   34331   0   4059   0   2594   0   0   34194   0   0   0   0   0   0   0   0   0   0   0   0   0   0   12823   296   51560   658   39906   0   18412   422   0   5157   0   78314   163   0   0   77146   54444   0   2074   0   17931   3375   0   0   5   0   8287   0   0   3596   0   0   0   
0   10629   0   5421   10105   12823   0   0   0   0   0   174796   0   0   0   7211   0   989   0   0   1349   0   0   0   0   411   6758   0   0   1891   0   0   2019   0   215   37   15535   0   0   880   346   6   0   0   0   1207   4   0   0   199   0   0   6370   0   0   1043   0   0   1579   50   0   742   0   0   0   0   0   36168   0   5972   4   50733   66745   0   0   0   0   1745   0   32311   10105   0   0   7460   50   0   0   0   0   0   0   117   449   1579   0   0   1942   0   35227   18412   
0   6166   4108   0   133130   1943   17   0   488   6370   0   0   4631   5513   84271   0   8811   0   18224   0   0   9   314   0   0   0   0   0   0   0   0   0   0   2474   1003   0   0   0   0   0   0   3368   1031   0   15635   0   22387   0   14792   0   0   0   0   15925   0   0   9675   0   0   0   1106   0   0   2894   27267   1183   0   91017   0   6144   79   0   0   0   0   0   0   0   0   0   0   311458   812   34331   77620   0   0   6517   0   20   0   9770   0   0   0   3966   0   4895   143   4795   
3684   0   11204   9434   0   0   0   2194   1043   902   1483   2098   140   0   0   21673   0   0   0   29175   0   0   11798   0   0   0   0   33384   0   0   0   0   0   0   30458   3684   0   1085632   0   1043   13357   0   0   168   0   0   0   269607   2441   0   0   7500   1118   3858   0   0   82   3712   0   14403   1089   0   147588   63050   0   11161   0   0   4215   0   0   0   17105   0   0   0   300   0   1745   0   300   765354   0   0   0   0   0   39419   0   1962   0   163   394   158373   54550   56946   0   158373   27267   0   
0   1000   3627   0   0   78314   0   0   0   0   0   0   0   0   327   26985   0   0   0   0   9451   0   0   0   0   680   0   5513   0   0   0   0   31198   2039   2500   2668   17074   0   133   0   0   1768   0   0   54444   0   0   0   0   0   5500   0   0   12932   18149   1800   0   0   0   7838   0   0   1125   0   0   0   41757   117   0   0   0   0   0   0   8287   0   772   0   0   11010   24198   0   1745   29484   0   1379   0   0   835   13907   0   0   2652   902   0   0   6876   0   61   0   
0   0   4215   0   0   1652   9448   0   19   0   0   4937   1490   0   0   4362   0   40056   0   0   0   115   0   596   0   0   322   1745   0   0   0   0   0   0   0   797261   6144   0   29175   0   0   13297   0   133   2270   0   6166   0   0   0   2175   0   145   0   0   1566587   0   116393   0   9434   0   0   835   0   0   1078   0   0   31985   0   11636   0   4   7211   0   0   0   13297   0   0   0   0   0   0   382   0   0   4659   0   237   0   9395   590   0   2915   0   0   0   0   7557   
0   0   0   22475   0   209   0   0   0   0   0   0   0   439   0   0   0   0   26949   0   0   0   0   0   0   0   0   2112   0   0   0   0   0   2629   0   338   0   0   0   411   0   0   0   0   500   0   5055   0   2231   0   0   0   0   26013   2088   0   3674   0   511   250   0   0   0   0   0   0   9950   0   0   3712   0   7460   0   0   0   12798   0   6926   0   0   0   0   509   0   0   0   52035   1362   0   0   25843   39593   0   0   0   11003   0   0   0   0   
4   0   745   0   54550   0   0   329   0   0   0   0   0   0   44005   0   0   0   0   0   469   0   2797   0   1118   3912   0   0   5703   26013   0   20239   0   812   0   963   24   0   0   0   0   3051   0   136   1569   0   0   0   15090   0   0   0   0   0   0   6848   60916   194008   0   1171   0   0   0   0   0   197   0   505   0   0   0   314   0   2598   197   707   0   0   0   215   0   0   0   0   4313   0   0   6379   0   0   0   0   0   0   511   8919   0   82   0   0   
0   0   0   0   0   5500   0   0   580   9   0   0   0   889   19869   0   1940   6144   500   0   0   0   1207   0   0   5305   23669   3042   1379   2736   0   0   411   0   0   0   3338   4916   24020   0   0   6517   1362   420   8597   0   0   0   12823   0   1453   0   0   3858   0   0   488   0   0   0   2183   0   7   258444   0   0   0   0   0   0   18491   21590   0   0   0   352   2   0   0   0   0   0   0   789   0   143   907   0   0   0   0   0   0   0   90317   429   29151   0   54816   6848   
0   10929   20814   308   2686   0   1768   455   0   1078   0   0   0   0   0   51560   0   6504   13030   0   0   1490   0   1487   0   0   0   4   0   0   746   2610   0   0   6370   0   3995   3   1232   0   3507   0   22663   269   7460   0   0   30927   18738   119969   24   3880   0   0   18834   0   0   0   13832   17931   0   0   0   0   6517   0   0   0   76751   0   0   0   0   1217   11003   29151   321   5305   0   50   0   0   0   0   0   0   461   0   117   0   21069   0   0   0   0   0   8966   0   0   0   
0   0   680   0   0   0   379   5637   0   0   0   0   293   133   667020   1652   71239   0   0   0   0   6   321   0   2016   1401   0   4650   0   190180   0   0   1275   0   0   724   0   0   0   52063   0   157   9   835   21673   0   35519   0   9675   0   0   0   0   0   0   0   67165   4164   43408   61   0   0   0   0   0   60916   10429   50790   1843   7500   0   0   1275   0   0   0   770   237   0   0   18491   0   0   0   7460   37   2463   0   0   0   3660   4024   963   0   0   63278   0   0   0   0   
59   0   1183   9451   0   0   796   34292   0   0   35   0   0   71239   0   1110   0   9948   90317   21673   4164   0   0   9675   0   1379   0   0   0   0   315379   0   0   828   0   8376   0   0   0   979   43   0   745   3367   0   31198   7   0   0   0   8941   88989   981443   0   0   0   0   0   0   1212279   46925   0   0   0   0   0   0   0   0   15090   0   66745   0   18224   0   3367   0   0   0   1362   0   0   0   0   9744   2776   3966   30827   0   0   126163   0   117   40056   963   43740   8046   486   0   3596   
0   39419   25896   0   11109   0   2112   0   0   0   0   0   5335   2891   0   0   1957   0   10101   0   1843   0   592   39586   725   0   0   0   0   0   0   17   0   0   0   2112   1789   0   0   590   1313   0   1118   0   74   0   0   373   469   0   78597   0   350   0   0   0   796   63   0   3596   26736   0   12512   1868   4059   0   92949   3912   0   143   54   71239   9   33384   0   0   0   0   1745   0   4627   0   0   0   7931   0   0   0   660   0   1161   0   0   0   0   0   0   179   15620   449   
0   50   11109   3418   6   0   0   0   3858   9   0   0   0   0   0   0   13357   0   0   2668   0   0   4108   0   0   0   0   3321   590   375   596   41255   0   17687   0   0   0   0   0   0   0   10680   16156   4020   3507   8176   0   0   0   7852   0   0   9   0   194008   1745   0   67165   85689   21   0   0   0   0   11161   0   0   0   0   7435   0   0   9730   0   0   0   13729   19482   37860   592   0   0   0   0   7371   234   20239   13161   0   0   50   2546   113546   0   0   5305   0   0   0   0   
0   6   0   19683   0   0   0   54   0   0   4481   0   129709   5500   0   0   0   0   0   19683   32654   0   981443   0   1379   0   24   0   22663   60318   2906   11161   0   0   0   0   155   0   0   0   0   0   0   770   0   17931   39593   0   24   0   0   0   3372   0   7435   0   0   0   3065   0   0   0   0   0   0   0   0   2668   0   0   197   20   963   0   2019   0   3292   25800   0   0   91017   4627   1144   8388   0   0   10670   1253   78   0   0   44005   0   0   0   1569   0   0   3347   0   
1000   0   0   0   4916   0   46933   963   88989   4735   0   0   11182   10101   0   0   315379   25113   2325   23586   0   5633   4121   963   5157   4631   19869   0   0   907   14403   3596   0   190817   0   0   92949   53392   5436   6115   1034   15090   18149   0   0   0   0   269   0   89532   15925   9730   1217   0   0   0   0   0   0   9826   35519   54816   0   29   3813   0   0   0   0   93   0   0   91017   0   6   2686   0   0   4217   0   2610   22209   0   0   8688   0   20814   0   820   0   0   0   0   0   0   0   3393   0   0   0   
7460   6517   0   0   0   0   430   0   0   2862   22387   0   3813   174796   0   1040   6144   0   0   0   5436   9658   46   0   1878   0   15620   0   0   3283   1232   0   0   0   0   0   0   67807   0   560   0   0   2797   0   0   0   0   0   0   218   0   0   0   1942   0   0   0   84271   4164   0   0   88989   0   0   14403   0   5180   0   0   0   133130   0   17731   0   0   0   0   40056   3596   0   1040   0   17413   0   24579   13297   13161   0   0   296   0   0   0   0   0   0   0   1161   0   0   
585   0   0   2778   52   0   15626   0   979   430   199   352   0   0   0   2183   0   322   78597   0   0   673   133130   10629   0   0   0   0   334   0   0   887   0   0   0   10105   0   0   0   12512   2862   0   1040   0   0   0   1942   0   0   488   683   12512   0   9019   0   0   80   0   0   300   0   0   0   987   0   133130   0   0   3179   7500   0   0   46925   0   0   0   2965   0   0   0   0   0   1161   0   0   77620   0   17413   18491   0   0   0   0   117   261   93   314   0   3179   0   
1275   0   2441   5867   24   0   500   84271   0   3507   7268   30458   0   0   1078   1232   7211   0   0   0   0   0   133130   1800   23396   8811   9195   21856   0   0   0   0   11010   6926   0   77620   0   0   0   0   0   0   0   0   890   0   0   0   1891   7931   0   2866   34790   0   0   5921   0   0   4916   560   0   0   0   0   4487   2894   90317   0   0   36168   0   832   25843   0   64406   0   0   8511   179824   3126   113546   7178   0   3507   0   0   0   1962   2594   0   5543   0   0   199   8432   0   0   0   0   0   
0   0   194008   7460   0   0   0   0   0   1942   0   1253   0   4045   0   0   0   411   4487   179   17074   6   50790   6370   50   0   1089   0   23290   315379   0   872   0   635   0   0   0   0   0   61   0   3321   959   665   8597   0   1131   20239   29   2797   155   0   369   0   0   0   0   0   0   169   0   0   0   9   2879   0   0   0   0   3912   0   25843   0   0   51560   0   0   0   5513   0   0   0   8388   1085632   0   0   60   0   0   43408   3338   206378   0   0   200   79   0   0   0   0   
520   0   0   0   6504   0   959   0   0   0   0   0   0   0   0   0   0   0   0   790409   2181   7   0   0   0   411   0   1362   2776   0   0   0   0   902   0   0   0   0   0   0   350   5972   59   0   1789   119969   0   0   0   0   0   4680   0   0   0   0   15626   8388   0   0   0   0   43   0   0   0   0   135991   17931   0   0   0   0   746   0   0   40   0   1082   71239   4362   2778   636   0   0   0   0   379   0   0   0   1088   0   0   179824   0   0   0   0   1249   
84271   0   34292   98853   5543   0   0   0   0   0   0   12569   11182   932   157   0   0   0   0   15535   2474   21590   0   0   1088   98853   30827   3042   0   0   0   0   0   89532   8376   38279   0   0   0   0   314   0   0   7   8432   1311   0   0   0   11205   1227   1082   0   0   0   0   0   0   0   2879   11391   17931   0   0   0   3126   0   0   0   0   0   0   18491   7877   0   0   4313   981443   0   3995   0   0   0   0   0   0   29484   0   0   0   1217   0   0   0   179   0   0   0   0   0   
0   0   5867   0   0   3145   0   7528   0   0   0   449   89532   0   0   987   0   592   0   0   880   7784   742   30458   2776   6434   0   3057   10670   0   0   24020   24   930910   0   0   1106   2711   0   0   0   3596   0   0   0   24020   37860   0   0   0   0   85689   0   61   0   4313   0   0   0   0   0   0   158373   4916   0   0   0   25896   0   0   7822   0   0   2523   0   1416   0   0   2   0   6289   5803   27267   0   0   0   0   322   0   0   76751   24   179824   0   39595   0   126052   98853   0   0   
1579   46   8811   50   0   0   1282   0   6876   0   0   11636   0   0   0   0   7852   51   0   4164   84271   5921   4650   0   22663   35519   10105   0   746   0   0   0   0   1249   1232   0   0   0   26949   0   746   592   0   1089   0   0   9730   0   0   0   298   5867   56   585   0   0   0   7526   0   0   3674   0   0   0   0   296   0   0   3321   0   0   0   0   0   0   0   0   0   2629   11278   0   1440   0   0   0   0   0   126052   2629   3179   0   0   1034   4362   46933   0   0   0   3001   0   
0   296   0   6   5586   0   3912   0   30445   0   0   0   0   0   5703   109133   2711   1904   0   4   346   0   0   3065   0   828   0   2711   3712   0   3596   3347   0   0   0   0   29175   0   0   3367   760   0   0   145   0   63050   24   369   0   0   0   4627   0   3338   41199   0   4971   0   1207   0   1453   0   54816   7500   0   1349   0   0   0   0   0   9542   5421   5157   0   0   20814   0   0   6747   10101   0   5157   0   0   0   0   15635   1161   7090   0   113546   1131   0   0   0   7812   0   2175   0   
0   0   61   8941   0   0   0   0   3368   0   116393   24579   0   0   135044   27267   46   0   0   880   0   0   22387   0   0   148157   117   1043   0   0   1319   0   812   0   0   0   0   0   3292   0   10929   0   0   0   0   204   0   0   0   9451   0   10670   1954   0   0   0   0   265   0   0   0   0   0   1207   34194   95703   3995   0   0   0   5304   7852   0   0   0   12798   0   0   0   0   0   0   667020   0   0   0   22209   0   0   0   0   4121   300   4487   0   0   0   19982   2175   18834   
0   1207   0   0   0   7552   0   0   0   0   0   0   0   54444   0   18412   0   0   0   1803   46   0   0   0   6876   3051   2879   0   56   0   0   0   9658   505   0   2866   0   0   0   0   100   0   0   11204   21701   0   0   488   0   0   0   12972   0   0   505   0   2906   1967   1967   3001   1349   0   63278   0   0   2500   0   0   745   0   3375   0   0   0   0   15635   0   3283   0   0   0   0   0   0   0   0   50   2866   0   13261   0   3145   0   23330   0   0   0   7852   0   394   
0   0   0   0   0   0   0   3367   0   0   77146   0   80   0   251   0   0   0   0   0   469   0   11416   0   0   0   119969   113546   85689   51   3737   11182   0   0   0   0   0   0   12512   0   0   4795   4362   997   0   0   13832   0   8950   0   0   0   0   199   0   4020   204   670   0   0   902   11205   0   0   0   0   0   0   1868   1649   0   12798   0   300   585   0   907   0   0   0   7178   0   0   0   0   9542   0   3912   0   0   0   600   992   269607   0   449   0   0   66745   106150   
29151   0   0   181   15868   19982   0   0   0   0   1954   375   15925   0   0   0   0   38279   1967   0   3347   0   0   0   8941   0   0   0   0   0   0   0   3033   5637   0   0   1003   0   0   0   0   0   0   5803   0   0   2629   4422   0   98853   760   0   0   0   0   1078   0   53392   0   0   314   0   3347   0   63050   0   0   0   745   0   0   0   35   0   129   0   0   3368   7178   0   0   0   0   0   6115   1212279   0   7881   71239   218   0   0   4895   2652   0   0   0   0   0   0   
0   0   0   0   7400   0   0   7500   0   3813   0   7   0   0   0   0   0   7   15535   0   0   0   2019   0   1483   9811   1034   1745   117   29151   4   71239   41255   54   0   745   959   0   10941   0   0   728   0   0   597   61   790409   0   0   5633   0   0   0   0   0   0   4353   0   13907   1861   0   0   20   667020   3507   0   354   0   0   0   8432   0   0   9811   1021369   4631   0   78   0   0   0   0   0   0   500   0   4631   138   0   0   3033   1904   0   0   0   0   0   37   39906   0   
0   0   0   30927   0   0   0   658   66745   0   7645   889   13297   15374   0   9195   0   0   0   0   4487   0   0   728   0   18149   183951   38279   1078   251   0   5157   0   1003   1220   0   0   138   0   0   0   181   4921   0   269   0   0   8950   0   0   0   0   0   0   742   0   321   0   0   1789   6876   0   9395   0   0   269   0   7500   0   0   2463   932   0   0   0   0   2866   4143   0   1282   0   0   7232   5436   0   0   0   4970   0   0   1976   0   0   797261   0   0   3532   4053   0   39593   
0   0   0   0   0   0   4795   0   88989   3367   0   8966   0   394   0   90317   10680   35   0   0   0   157   0   5157   0   0   8966   0   11032   0   0   3418   0   0   0   0   0   4970   0   0   2500   0   1144   0   4895   0   658   338   0   39595   0   0   0   0   23290   0   0   0   9811   7013   0   5586   0   0   416562   1957   1861   0   0   0   0   67807   1843   38   0   0   0   21234   1879   224   0   13357   26736   2866   0   0   7852   183951   3712   0   26410   0   0   4217   30827   0   0   6517   0   59832   
0   0   0   0   0   0   0   0   39595   0   39593   39595   0   14808   0   0   0   832   0   74   43740   3627   4631   0   0   21701   0   0   64406   0   0   0   0   350   4786   0   0   0   0   0   0   7877   0   2797   0   0   25347   0   269   6335   12659   0   0   206378   0   334   0   0   6   0   0   6189   133130   0   0   10799   1275   0   21234   1745   0   3375   0   0   0   0   15620   0   0   1891   5055   493   92949   832   0   0   113546   770   29151   0   35519   0   0   0   2850   0   0   12659   10112   0   
585   989   26944   0   0   0   0   0   11161   0   0   1967   0   0   0   0   0   7784   0   0   8919   636   439   0   0   0   14808   0   0   1144   0   0   0   2325   66745   2523   0   116393   0   0   30827   0   34790   0   0   29175   872   322   0   0   1183   7400   0   13297   490   0   10105   0   157   22475   0   0   0   0   0   0   10026   9542   0   1253   17681   0   461   0   6   0   0   0   0   2088   509   0   4971   51507   0   11109   0   0   11636   0   0   0   0   0   244621   0   0   0   21   0   
11636   0   0   3372   0   20105   0   25347   0   0   1217   2915   1957   0   4937   0   0   183346   0   298   51507   4422   20239   0   129709   369   0   7371   1861   0   11205   2074   0   43257   4971   0   15626   0   14808   98853   0   3674   0   0   34790   0   7400   0   100   0   31198   0   7435   0   19556   0   244621   0   437   0   3292   116393   0   25843   13161   21590   0   0   0   0   0   7500   0   329   0   100   0   0   0   20455   625   0   190817   5305   0   44005   3712   0   30827   0   0   0   2862   352   6   0   300   0   24579   0   
0   8638   24402   21856   137   218   7822   194008   0   2231   0   0   5565   0   590   0   2778   0   0   0   667020   1313   0   0   600   493   12932   37860   0   0   8046   0   2523   0   369   0   0   0   0   4353   6   0   0   93   1118   724   2088   32654   54444   155869   0   0   0   0   0   0   22475   7090   0   0   0   422   0   0   0   0   0   0   0   992   0   334   2595   0   0   0   0   98853   0   0   18412   578   4481   0   0   18149   0   14382   0   18412   0   0   0   71239   0   0   0   10160   0   0   
430   490   0   0   0   10813   39593   670   89532   269   0   0   19556   0   0   0   0   1803   7435   0   0   3627   0   0   181   0   2668   0   0   0   0   6434   0   1088   10929   21701   8597   0   38   5304   14382   50733   35519   981443   24402   9675   0   0   0   0   183951   0   34331   880   0   1040   0   0   0   1765   0   0   0   0   125   0   0   58692   1566587   0   0   24   5586   486   0   0   0   0   1641   0   0   0   0   1891   0   2088   0   0   0   16156   43740   133130   1125   0   0   0   0   0   0   0   
9147   0   0   11205   0   0   0   126163   21701   1125   0   0   45   15635   218   0   13261   635   0   0   0   4045   959   109133   0   4217   0   0   3886   4487   0   0   7838   0   45   7552   126163   0   0   0   0   5779   2736   140   15090   2866   0   0   2   0   0   0   11204   0   0   0   8941   0   0   5157   9395   0   0   1800   0   0   0   0   0   0   0   0   0   24198   0   0   3684   3375   1106   0   0   0   0   10680   19683   0   0   1031   0   76751   0   82961   0   0   0   7435   0   6370   0   0   
0   0   0   0   7232   0   0   0   168   0   194008   0   0   0   7528   0   9395   0   0   0   2098   0   680   3556   0   0   23669   0   1207   0   0   0   0   0   8597   0   19   0   0   0   0   0   0   10941   0   0   0   0   1034   183346   0   0   0   0   1401   71239   596   981443   80   0   0   0   0   50733   0   0   6926   0   0   0   106150   0   0   394   0   0   2500   8811   129   0   0   0   8388   0   179824   0   486   683   194008   0   3375   1249   14403   0   0   0   0   117   796   0   
3126   0   0   0   0   64406   8688   20239   51507   17687   0   0   6   7268   0   665   3   0   0   0   0   0   199   0   169   5513   327   50   0   0   0   0   0   7838   0   0   0   0   6144   4487   7090   3375   0   0   92949   4735   0   0   2866   0   0   0   0   0   0   51560   0   11798   0   0   51560   0   0   0   0   0   8176   24   82   0   0   0   10941   0   0   0   1803   0   0   0   9195   133   0   314   0   0   0   0   0   0   0   0   0   0   0   0   157   0   19869   585   
10680   468   0   0   0   0   0   34790   0   1879   500   0   0   6166   0   4059   0   0   0   270   2894   2554   0   0   0   10480   0   0   0   0   0   0   0   1003   0   3042   0   0   0   0   0   0   0   0   0   9454   0   12932   168   0   0   300   1043   0   17074   0   38   0   1034   0   50733   21856   17931   0   0   296   11416   0   0   0   0   0   0   0   0   0   411   0   0   0   0   0   1118   0   89532   5586   145   0   0   1440   6335   0   1800   3858   33384   11636   0   797261   710   9744   
308   0   0   0   179824   0   10112   40   5637   0   35   71239   0   0   9811   0   0   0   0   5055   0   0   0   1003   0   45   1954   31198   29   7460   9195   0   0   0   0   38   0   11   82961   4175   1891   0   0   0   35519   0   1171   0   0   1040   1021369   15090   0   0   0   8410   0   0   0   3179   0   4487   0   724   4970   352   7852   1227   26961   1453   828   40   0   796   0   8388   212532   1942   7526   77620   8724   21069   0   6926   0   0   0   0   0   0   155   16156   21673   0   0   179   0   0   0   1212279   
183346   0   0   0   10799   91017   56   0   0   0   4487   0   0   0   0   6   0   0   0   0   2183   52   0   0   0   0   0   0   15524   0   0   0   0   125   0   0   0   0   0   0   0   4970   0   77620   0   0   0   11161   770   22209   0   0   0   0   0   0   34292   51560   790409   3317   0   78   0   0   812   15374   0   0   19683   14403   9770   350734   0   1453   0   0   24402   0   0   0   0   215   0   2463   2629   0   3045   0   1453   1319   3042   1803   20   3532   2866   600   0   17931   0   0   
455   9448   8597   11416   0   0   665   742   9451   133   790409   1282   3372   8   3372   4   1641   0   60   13161   0   0   0   10112   3880   0   0   0   0   0   251   0   0   0   0   32654   0   3507   0   174796   268   0   7812   0   2866   13161   0   3033   707   10813   0   41757   0   0   0   520   0   0   0   78314   0   0   1253   2074   29175   1125   1967   0   0   0   1641   4786   0   0   0   22475   1000   0   39593   0   1043   300   2441   0   0   0   0   0   0   0   4143   0   0   0   0   30927   959   1171   0   0   
1768   0   0   0   0   8950   3441   0   0   8511   209   636   0   0   0   0   0   77146   0   0   2866   0   0   0   0   932   0   0   0   15967   0   0   158373   1868   0   30445   0   0   0   71239   0   9454   1453   43408   0   0   0   7   0   2325   0   0   0   0   0   2652   15626   209   0   0   2231   455   0   0   0   0   3813   0   2500   0   590   67807   0   0   0   3126   0   0   0   9770   140193   0   0   0   0   3283   14382   0   0   0   0   430   11636   0   1569   3375   0   0   0   0   
0   0   0   194008   0   4175   0   0   40056   0   0   0   0   0   0   0   0   0   11010   0   0   0   0   0   790409   0   0   3111   0   667020   0   0   0   0   38645   1220   0   250   0   0   6926   0   300   0   9744   0   0   0   1569   0   0   20455   23669   1878   3347   0   49   2523   0   15967   147588   206378   0   3368   23290   0   0   660   0   30927   0   0   0   27267   0   3393   0   0   0   0   3292   0   469   0   4217   0   0   30888   0   0   832   0   6144   17686   21673   0   346   0   0   0   
4   820   0   169584   0   0   0   26949   3145   0   0   0   10105   0   468   0   0   0   0   0   280   1183   23669   486   6289   0   0   0   0   0   0   0   34790   4838   0   979   0   0   0   0   932   0   1031   6144   0   0   0   2474   0   34331   0   0   82961   13297   0   0   0   26410   158373   0   0   0   0   369   0   0   20455   0   0   0   0   169   9542   8287   0   0   0   0   293   0   7371   0   35227   0   0   0   0   0   0   0   7552   0   0   7784   0   0   0   0   77146   585   
2181   7232   5436   21856   23669   4111   1277   0   0   0   76751   0   7500   0   0   8432   2183   4631   0   0   0   314   13357   0   469   1249   0   0   1453   0   163   0   0   38279   0   0   0   902   0   0   0   0   67165   138   0   0   0   23330   0   0   1891   0   0   0   0   0   0   0   3283   0   0   0   11032   8388   0   0   15125   0   10160   0   0   0   4025   0   269   37   139828   0   0   0   3880   2879   7877   1253   334   157   0   0   0   0   0   92949   0   0   0   0   992   3556   3283   0   
745   375   0   468   0   2463   0   0   3057   0   0   14808   4353   0   0   16156   0   9744   0   0   0   183951   1161   0   16804   0   394   1943   0   0   0   0   437   56946   0   24   0   0   0   0   0   0   0   24402   0   21   0   4937   6   0   0   0   0   0   0   0   0   0   8966   63   0   46925   0   0   25113   0   0   0   20105   7822   125   0   0   34194   0   0   0   350   0   0   265   0   0   0   0   6517   300   0   197   2546   2523   0   26736   1630   0   0   0   7013   0   0   
439   59   0   0   0   0   0   5513   14382   0   0   0   0   0   0   0   0   0   98853   0   1171   2598   5094   2594   0   0   3556   0   56   0   1768   0   0   902   0   2000   199   0   0   314   0   2879   15626   0   0   0   1765   0   0   0   0   0   746   0   204   0   0   126163   0   0   0   5436   5637   0   0   0   0   0   9675   2610   9019   0   0   17931   0   20090   9019   37860   0   0   0   52035   0   314   0   147588   0   0   4025   9147   0   0   0   17105   35519   1118   3393   140193   100   0   
0   0   5436   88989   0   0   963   887   0   143   0   0   0   5335   3966   9950   311458   0   0   0   0   0   0   411   4795   59   0   0   0   0   20814   7784   578   1765   0   0   0   3001   7090   1868   209   12972   0   636   3347   0   0   0   0   63278   382   37860   0   3441   0   300   43408   0   0   0   0   0   279   0   0   258444   0   10940   796   0   54816   126163   0   163   0   0   0   50   0   0   0   0   0   0   0   0   0   0   0   58692   1954   1861   0   0   13161   7178   0   0   0   18834   
0   0   0   0   0   50827   0   54816   0   155   0   3372   0   0   0   7371   7852   0   0   23330   51   0   17074   0   4   0   0   78314   0   0   0   3111   0   0   0   0   0   17686   50827   0   0   3292   0   959   797261   0   3441   0   0   455   0   1878   4838   0   0   0   0   2500   0   0   2668   204   0   32654   51507   7784   1232   0   0   820   0   0   2098   0   322   0   0   683   0   0   93   0   346   0   0   0   0   0   0   1789   0   2194   101843   9950   0   0   50   7435   293   0   
0   1630   3514   0   0   0   29175   580   0   500   0   0   1212279   54816   1311   163   0   1566587   1579   0   1453   269   0   0   0   1313   0   18738   0   2088   24020   43408   0   23359   33384   7178   0   21673   52   0   2915   0   0   0   54   0   0   0   300   0   0   979   963   0   0   0   0   0   0   0   0   0   509   430   0   0   0   0   0   0   0   0   0   6   78314   82961   0   17681   1311   0   0   0   0   0   0   38279   0   0   0   0   0   0   0   9542   15635   0   15535   0   0   3372   
9   140   0   0   46   18738   0   20   0   11278   2866   0   0   0   0   0   0   0   0   290   0   46925   13832   0   0   1125   0   0   0   40056   0   0   0   4220   0   1453   1227   0   0   0   0   772   0   0   0   0   0   1879   5094   9628   0   0   0   0   11391   2965   746   12512   3045   1110   0   5565   22663   0   0   2850   38579   0   0   0   0   0   1311   0   0   0   1453   0   50   1207   0   0   411   1232   520   314   0   500   22663   59   24   1861   0   1800   0   0   0   0   0   298   
0   673   9948   0   1957   0   0   6848   0   0   7232   5157   0   0   0   0   62614   812   0   0   0   145   24   0   1349   12569   0   0   11032   4650   0   0   0   0   11   0   0   288   660   0   0   0   0   10941   30927   9675   0   0   0   8950   2046   51560   0   8688   169584   0   0   0   0   3111   84271   0   4164   74   17413   4   6876   67807   8   10940   0   8477   1649   1440   0   0   6370   3674   0   0   215   0   0   0   2   0   0   0   50   21673   0   0   322   17332   0   511   6   0   0   0   
0   665   5304   0   0   3033   0   0   92949   9019   0   3328   1789   8724   0   0   0   872   3347   354   3596   0   0   140   0   0   0   0   25113   0   0   0   50827   1453   0   0   20239   0   0   10026   4175   308   0   77146   24   0   0   0   0   0   0   0   0   0   1089   0   3328   26944   0   0   0   11182   0   0   1232   0   0   7838   1962   0   0   0   0   0   0   43   0   237   0   0   0   1379   0   0   0   0   0   59   0   1954   2194   296   22209   5586   0   0   0   0   0   0   
138   3375   0   0   0   14382   590   0   0   0   0   0   491   1275   265   0   4838   0   0   930910   0   488   0   8176   0   6144   91017   4971   0   0   0   0   0   3556   0   0   0   204   0   673   183346   2194   0   0   1641   578   0   1379   0   0   218   0   0   43257   0   0   0   0   0   80   0   100   0   14792   31985   820   1003   625   34292   0   0   0   0   0   0   0   0   38579   6115   11798   0   1789   82961   0   2441   0   0   0   0   0   0   0   0   24   258444   0   0   820   0   0   
