100
0   0   141   0   470   0   0   101   0   0   0   62   308   0   0   21   0   309   0   0   0   0   0   0   0   0   0   377   34   2   1   0   0   309   3   0   569   0   0   120   0   67   107   0   0   19   0   0   0   143   0   425   0   0   0   205   0   533   0   3850   251   0   93   0   0   559   5034   2129   0   0   52   41   0   0   0   1   0   0   0   0   0   0   0   0   0   1489   0   82   0   34   1420   0   0   18   0   0   0   0   0   0   
0   0   0   0   0   56   0   168   0   562   511   0   0   513   109   0   0   0   0   0   0   0   98   0   50   42   121   0   82   0   3644   0   316   217   93   0   0   0   1   0   0   729   85   0   59   324   0   0   0   59   2   12   145   1418   0   0   1884   41   0   168   0   12   0   0   0   8   0   0   0   42   14   7   0   0   4   38   0   0   1472   0   0   0   0   114   0   0   0   0   0   216   0   0   0   0   8   0   0   0   0   0   
0   53   0   0   80   0   0   16   0   0   0   19   69   6   0   0   11   2   0   0   0   4   5191   0   0   0   0   0   126   258   0   0   0   0   1635   0   0   0   144   0   0   0   231   0   126   0   93   0   0   0   12   0   151   42   0   0   820   0   0   521   16   2   0   0   0   0   0   40   919   0   351   26   27   0   0   9235   41   0   1   1776   0   0   2   0   0   92   0   126   0   0   0   0   0   0   0   425   82   0   0   12   
0   0   8   0   394   309   0   0   1345   3078   0   13   0   0   0   6   225   0   23   1073   0   0   8   190   57   0   55   166   249   0   0   0   226   0   205   0   0   0   3184   1287   0   0   0   82   0   0   0   485   0   0   0   0   0   0   0   0   610   52   0   36   0   4285   0   0   0   0   0   0   0   0   0   0   0   0   48   0   0   8   0   1   0   0   0   0   76   236   0   2   339   0   422   0   3204   510   0   0   70   2   8   0   
0   0   85   0   0   0   171   0   0   0   0   4   3600   0   0   0   0   0   0   15   0   1   6   0   0   17   0   208   104   0   0   0   0   14   59   0   0   0   49   110   115   186   0   0   0   3204   13   271   216   1268   0   0   140   27   11674   0   4   0   57   7   4   45   316   12   139   106   205   134   511   0   58   0   0   0   559   0   0   11488   3028   0   21   0   0   0   0   8   26   0   1307   0   0   85   26   0   1792   1073   0   510   2136   0   
0   0   0   0   0   0   0   0   377   0   1287   0   0   139   181   0   7   6   207   0   0   0   4   57   0   7   0   121   0   0   0   0   0   0   610   21   12   0   0   41   148   0   17   101   0   52   139   0   919   0   0   3   496   112   21   148   14   0   943   0   0   0   0   0   0   0   40   0   171   0   50   18   66   0   0   1   0   0   0   0   0   121   90   0   0   14   0   0   0   0   511   0   0   42   0   693   0   57   0   0   
0   0   41   0   0   0   0   0   13   0   0   127   0   0   15   0   0   0   168   0   231   44   0   0   2   0   0   0   98   0   0   89   0   261   279   380   0   0   0   1   0   0   0   0   0   0   2267   29   0   0   410   0   127   0   0   0   0   4637   0   0   0   0   0   0   39   141   4   0   40   0   0   38   58   0   0   716   0   0   1475   0   0   0   0   0   0   0   145   0   2   39   0   0   0   0   0   0   606   0   0   0   
0   0   0   62   14   27   80   0   40   0   15   0   0   0   0   0   38   0   121   0   1   0   1713   1062   11674   7   0   0   0   80   7   0   70   0   0   127   86   33   0   219   0   82   0   0   510   0   0   0   4   0   0   93   316   31   12   14   0   0   0   0   0   0   0   0   716   0   0   35   0   0   50   0   41   49   50   0   38   280   186   0   0   148   0   0   513   205   1862   0   107   41   0   20   18   0   0   19   0   0   0   114   
106   34   0   24   0   0   0   0   0   0   57   0   7   115   0   0   0   103   35   0   159   0   85   0   0   247   0   0   25   0   155   86   0   1420   0   0   0   87   0   225   0   249   0   0   80   0   0   0   0   17   0   0   145   58   0   0   0   0   0   14   0   0   72   0   220   116   62   12   0   12   0   0   0   0   1489   0   44   0   0   0   0   4   151   79   168   0   0   0   0   491   0   12   0   6   0   0   0   89   0   0   
6   0   98   0   13   4   0   6   0   0   0   0   0   607   0   0   462   23   39   331   0   0   45   181   0   0   0   0   19   0   0   2937   0   0   0   9   92   14   76   110   0   208   0   12   0   0   99   0   209   0   9   0   0   0   0   0   2295   128   0   0   4   0   0   0   0   0   16   0   0   325   309   0   0   0   317   6   103   0   0   0   0   76   0   106   0   0   0   0   0   12   0   507   70   5   87   0   1472   0   0   0   
0   0   0   250   2   27   76   217   11   0   0   0   162   53   0   0   0   232   1268   0   0   0   0   0   0   1804   0   0   0   0   0   32   0   0   9   0   356   0   0   0   0   1991   0   0   0   27   0   9259   0   0   0   0   316   0   0   8472   0   7   0   1713   85   6   0   47   0   0   0   0   0   34   0   0   0   1   0   51   110   0   70   0   0   0   342   0   0   0   0   0   3   720   0   0   0   452   0   0   100   0   115   0   
0   0   0   0   483   0   0   0   0   0   0   0   214   0   13   80   0   0   0   0   0   389   1   1353   41   422   0   0   23   57   0   0   510   30   0   2   92   0   11   0   0   0   0   0   0   0   0   43   10   0   0   0   0   0   0   0   0   15   0   0   0   7   0   0   0   5   0   0   342   26   56   0   46   0   16   22   0   528   2   7410   0   0   0   82   0   107   453   0   104   0   162   58   135   1   0   0   0   5   46   23   
0   0   27   151   0   205   1010   0   0   0   5   91   0   0   325   0   127   0   0   1   65   0   0   0   236   0   106   0   0   89   6   0   601   0   80   0   0   346   293   991   106   0   50   0   0   0   16   9   20   0   80   0   533   0   509   4   93   5   710   0   394   606   0   0   0   0   5   0   53   34   19   26   0   0   0   0   59   0   43   0   18   0   0   1   0   120   0   0   0   173   21   0   165   0   17   0   0   0   0   0   
28   0   0   3   0   3   0   0   21   0   0   1   76   0   48   0   0   0   0   0   0   0   0   0   0   0   0   0   15   13   0   50   0   0   11   0   0   0   0   0   10   0   0   0   0   0   3   41   0   205   0   0   167   2   0   0   91   0   8   0   0   0   693   0   0   0   0   1345   0   61   0   0   0   0   0   0   0   14   0   20   0   0   13   0   0   80   0   162   0   0   15   0   0   0   21   0   0   0   0   50   
0   267   232   0   143   37   0   50   3078   0   1420   0   56   107   0   0   11488   57   4   0   0   0   0   3850   132   0   293   0   0   0   50   2   0   0   35   0   55   0   207   3   93   0   0   11   0   0   0   0   5   35   0   483   9   0   23   0   109   57   80   0   0   2   0   0   0   0   0   0   39   0   562   133   209   0   4   89   530   0   4   0   0   0   0   0   0   9259   0   0   172   0   0   11   0   0   4   0   0   0   0   0   
0   0   0   0   0   0   0   0   59   0   0   0   0   2375   0   0   0   453   0   0   0   0   0   0   35   0   0   0   0   0   0   19   123   0   0   57   0   14   0   331   110   0   6   0   4   1489   0   1214   0   12   0   6   0   0   0   0   0   0   2621   0   166   0   49   0   0   0   2   49   0   0   0   0   28   0   3644   0   0   0   5   0   0   0   0   0   216   0   190   0   120   0   0   279   0   0   39   20   0   293   0   13   
0   0   0   409   69   0   0   38   138   0   4285   111   0   0   6   4   0   0   70   0   4285   0   309   0   0   39   0   0   70   0   491   2   0   155   0   261   316   14   0   0   0   0   0   0   0   0   1   0   21   0   19   0   1635   0   0   0   0   316   0   0   0   0   0   0   0   0   0   0   0   0   3   0   0   0   0   0   0   0   0   0   4   0   1   220   0   356   0   919   0   0   0   233   145   0   63   40   513   0   0   11674   
2   14   0   0   216   0   0   0   0   0   0   0   0   0   0   0   0   0   17   0   324   0   0   0   0   0   0   159   2   0   0   0   0   3   0   409   509   430   0   80   0   0   144   0   0   0   2   0   56   0   2   0   0   0   0   0   0   0   0   693   64   0   0   27   0   0   62   0   109   0   0   1144   0   145   233   0   0   247   0   327   716   14   355   19   0   0   3   0   39   0   120   106   58   0   0   394   21   0   0   49   
0   0   0   0   0   258   43   0   1   69   0   0   0   110   0   0   0   0   0   220   0   40   0   0   149   0   1   93   34   0   0   0   14   0   186   51   72   40   0   0   0   0   0   0   0   0   0   0   232   18   0   0   23   0   720   11   54   0   0   0   0   0   351   0   59   45   0   0   84   0   1   0   0   0   0   2   0   76   1472   0   0   667   7   0   0   410   0   0   0   469   0   17   62   1   70   221   0   0   0   59   
0   0   0   0   20   511   0   103   0   251   0   0   874   0   0   87   0   93   0   0   0   98   0   0   0   693   0   7   0   0   1175   1884   0   4   0   26   0   0   0   0   231   0   0   0   0   0   0   0   0   233   5   149   135   0   0   0   0   197   0   0   0   0   5   0   0   65   0   0   0   0   1713   0   0   0   0   0   0   0   0   0   0   0   0   0   0   0   0   413   5034   0   0   0   0   0   4   0   0   0   0   1792   
0   4285   316   0   7   0   0   103   0   0   13   0   6   101   12   0   99   0   0   61   0   0   0   0   13   0   0   0   0   149   0   0   0   0   2   162   0   0   0   0   0   1991   165   110   274   413   0   0   2   0   1   0   39   0   0   14   8   0   12   0   0   0   84   145   0   0   0   0   57   5374   0   0   0   0   0   1   115   0   40   0   5   44   93   58   12   509   0   6   0   0   0   0   0   16   0   0   0   0   0   181   
62   0   0   610   0   0   490   2   0   0   0   0   0   0   0   342   0   0   19   0   0   0   0   0   0   3   0   0   1   0   120   0   0   0   0   0   0   0   0   119   0   0   20   0   0   1214   0   42   0   13   0   191   0   30   8   4   0   0   0   1669   0   0   29   0   0   2   43   135   0   148   0   11   0   0   0   0   0   0   317   0   85   21   0   0   0   0   0   181   0   103   54   0   4   0   1   109   0   0   0   413   
0   0   53   0   0   0   0   0   2   0   0   0   0   0   138   7   90   285   0   200   0   0   0   0   0   0   5   0   8   38   0   0   0   0   0   0   0   0   1713   0   62   91   268   0   14   12   2   0   0   0   15   0   0   0   0   9259   554   0   0   0   38   0   0   274   0   0   26   509   490   0   0   0   0   2   0   0   0   3028   184   0   302   17   0   0   0   0   0   0   45   1884   0   0   0   0   51   0   31   0   0   0   
59   0   0   0   2   0   0   41   7   0   0   18   0   0   0   2   0   221   0   265   0   729   19   0   39   0   0   1   355   5   225   0   389   0   38   0   0   42   0   0   0   63   0   5   67   0   45   39   3184   0   0   0   114   0   0   0   0   21   0   0   13   162   0   0   0   51   0   0   0   0   0   1218   0   0   24   0   3   0   17   0   351   0   0   610   147   144   0   0   0   67   186   0   41   27   0   0   217   0   0   0   
0   46   302   0   0   57   0   50   309   0   0   0   2   2267   127   0   37   0   13   0   2   2   0   0   0   24   0   0   0   171   0   559   0   0   6   181   82   0   0   0   5034   0   0   0   0   9235   2   351   23   0   143   3   0   2   0   0   0   0   0   0   0   0   103   1010   261   214   0   48   0   0   0   197   0   7   233   0   46   0   0   1   0   0   3   0   0   56   0   0   283   0   0   0   5213   0   37   0   0   46   39   0   
0   0   35   0   1   82   4   3   0   0   462   0   132   0   0   0   0   0   28   0   3   0   0   0   132   0   34   0   0   5   101   0   4   23   19   0   0   0   0   57   0   0   0   0   793   425   1307   1610   0   0   1418   0   0   0   351   150   0   1418   0   0   0   0   55   0   0   148   0   0   0   5   27   0   410   0   1635   32   513   32   0   430   5   4   0   255   0   0   0   0   0   0   0   41   0   0   0   1214   0   0   0   0   
5   18   141   562   21   0   0   0   0   0   0   3422   0   0   0   0   1268   14   0   0   48   49   0   0   149   0   0   0   0   0   0   0   0   40   0   0   0   0   1776   0   0   39   0   0   0   0   0   0   0   0   0   41   0   76   0   0   0   0   8   0   0   0   0   0   513   0   14   0   29   57   293   0   0   0   0   0   35   0   0   0   422   82   0   1   422   2   0   0   0   943   0   0   453   46   149   0   0   0   0   106   
0   18   21   141   991   141   2   0   0   0   203   0   20   0   0   0   0   0   0   0   42   0   0   0   453   308   0   0   7   0   33   0   0   0   0   0   0   5191   1345   1218   0   0   0   15   1460   268   85   6   0   0   0   0   9235   0   3203   0   55   0   3   0   4   0   0   0   0   0   0   59   78   6   1776   1   0   23   4   0   0   0   0   1287   0   345   0   0   0   0   0   423   0   0   0   2   40   0   0   3204   183   0   0   1443   
0   0   14   0   0   0   0   0   554   26   18   0   23   2   0   720   0   0   0   0   121   0   0   1787   0   0   162   1079   0   115   0   0   0   6   0   0   0   0   184   139   0   2   16   0   0   1079   12   0   35   0   0   0   0   0   50   0   0   0   149   0   0   57   109   0   0   0   0   6269   0   4   0   36   0   0   5213   0   0   0   0   64   0   0   0   0   0   0   0   0   45   9   0   0   0   0   17   0   0   0   0   0   
0   406   0   37   0   23   0   0   0   4   0   0   105   0   0   9235   0   0   2   19   0   3   0   0   100   77   0   44   0   0   17   356   0   0   0   148   0   55   0   0   3   0   41   0   0   11   103   0   3   0   52   45   249   104   0   207   0   42   126   1144   0   0   0   0   1   0   0   0   0   0   0   0   14   0   0   51   0   112   0   0   70   63   0   0   0   2   521   33   0   4   413   34   0   0   0   0   0   128   0   0   
0   0   59   0   0   72   2   0   0   0   0   0   0   0   0   70   0   0   0   64   0   528   0   12   0   0   80   0   0   12   0   0   1   134   14   0   0   0   0   283   0   8   115   0   166   0   0   3   114   0   89   0   0   34   0   74   0   0   0   0   0   47   0   0   2   0   249   0   103   0   0   11   15   120   3   13   98   0   0   0   0   991   3   0   0   0   0   61   0   42   12   133   0   0   13   0   57   46   0   0   
0   0   54   0   171   0   0   5   3   1489   0   0   562   2   0   6   0   0   0   0   0   0   171   0   2   114   0   0   13   0   1144   0   115   0   0   0   20   0   0   6   0   44   9   0   0   0   0   325   4   6   0   0   0   125   7   0   0   0   6   0   43   0   0   0   0   0   109   0   0   0   6   77   15   0   182   667   0   0   0   265   0   47   7410   1307   0   0   0   0   54   0   0   0   0   257   1475   58   0   0   729   1   
0   82   0   0   0   0   0   9235   0   1345   0   0   0   2   172   0   0   106   2   250   0   0   39   0   0   0   0   21   15   710   483   0   0   0   47   0   430   0   0   549   0   0   16   0   4   3850   16   0   94   0   0   0   148   0   0   141   7   14   0   0   0   0   0   0   2   0   15   0   4720   0   1   6   14   0   0   0   1   293   167   0   1   267   0   0   0   33   0   4   0   0   0   0   0   0   86   0   0   0   0   0   
0   0   0   5   105   0   99   0   18   133   0   116   0   0   0   0   0   0   342   0   12   17   3184   0   0   537   0   545   0   11   2375   0   4   0   171   2937   0   69   1713   0   0   0   0   21   0   0   3078   0   1713   150   59   0   0   0   89   0   53   0   316   0   0   5   3600   0   0   0   8   0   0   14   0   0   0   0   0   0   0   693   89   0   51   0   48   17   268   14   0   0   1218   0   0   11   0   0   56   3   0   3187   141   0   
0   9259   0   0   103   0   0   0   0   0   0   0   0   0   0   0   0   0   0   0   0   43   0   20   0   0   46   0   0   0   0   0   1460   0   0   0   0   250   0   0   0   0   0   13   11   0   0   0   453   0   0   2   14   0   0   1   0   120   3028   0   109   236   0   0   0   0   0   0   10   1610   0   19   342   0   0   490   12   0   0   37   82   0   34   6   0   0   0   0   16   0   21   0   0   63   0   16   0   0   3   0   
0   0   4720   15   0   0   20   120   0   0   139   161   0   0   49   231   236   0   0   0   0   1776   0   807   26   0   0   0   32   0   63   0   0   0   0   0   0   0   2267   0   112   0   491   0   0   9   0   7   0   0   1144   919   0   0   0   18   0   0   0   0   1218   0   606   0   237   0   0   0   0   0   521   26   0   0   0   186   0   0   0   7   0   0   0   0   0   0   0   0   3   0   2   0   0   6   0   28   0   125   0   67   
0   0   0   0   0   0   0   12   0   10   7341   116   0   0   162   20   281   0   0   0   0   1   0   39   143   148   0   0   0   0   0   216   0   166   18   0   0   14   0   0   0   0   0   0   0   52   358   0   0   0   0   59   0   0   0   0   0   5   0   70   0   0   0   0   1   0   0   233   67   0   0   0   38   37   0   107   0   16   18   0   0   0   0   1   356   317   20   0   0   0   53   279   40   0   5   0   0   0   0   0   
0   61   0   0   0   0   1   0   0   0   293   0   0   39   0   26   44   342   0   0   0   0   41   38   0   0   0   1   0   14   0   607   0   72   0   16   0   0   0   943   20   197   42   0   47   355   100   0   0   0   53   0   0   0   280   0   0   251   0   80   0   0   0   3   7   0   555   0   3644   0   0   0   335   0   148   1884   62   126   0   0   0   40   0   138   0   0   430   126   0   62   0   35   0   0   0   0   0   0   0   0   
35   0   0   0   0   127   0   0   12   0   0   0   0   0   15   0   0   0   1   20   0   0   0   0   0   0   0   710   0   0   0   0   268   0   0   0   0   0   0   0   0   0   78   0   0   0   0   0   0   0   0   0   236   0   0   0   18   0   0   0   119   0   0   0   19   0   0   0   3028   0   5   0   0   1   0   135   280   0   0   36   126   0   1   24   4   7   53   0   982   470   0   0   3422   7341   0   0   285   9169   62   0   
0   0   247   107   41   99   2   10   0   0   0   0   0   0   0   0   0   0   0   0   57   214   308   0   0   44   0   410   47   53   0   0   0   0   0   0   0   38   0   0   0   0   0   183   126   0   0   483   31   115   37   0   0   0   0   607   0   0   410   209   0   85   0   991   0   0   0   0   0   951   0   0   14   0   0   483   165   0   4   0   181   2621   141   0   562   0   186   0   31   15   0   3   1460   0   0   0   0   24   0   0   
0   265   14   0   0   0   0   0   0   0   0   0   0   0   0   0   0   0   308   0   0   0   0   0   30   0   0   335   0   0   0   18   0   0   533   0   2   0   0   1635   0   0   3184   28   0   0   0   0   12   132   0   0   0   39   0   0   9   511   12   356   39   0   0   261   0   0   0   6   0   5626   0   0   0   0   43   0   99   8   0   667   0   0   0   271   0   0   45   236   0   0   0   13   0   0   0   0   0   0   148   24   
103   0   0   0   0   0   3   12   0   0   145   0   0   0   0   110   0   0   0   0   2   82   0   0   114   0   0   729   14   0   0   0   24   38   0   0   0   0   0   0   0   0   0   0   0   0   106   0   0   0   40   0   0   0   0   0   100   214   0   148   37   0   0   1   35   2267   0   28   0   12   0   0   133   0   0   0   0   0   2   510   0   46   87   302   0   0   0   106   0   0   0   0   0   149   103   0   2   8   0   0   
12   0   308   0   0   18   0   0   0   66   0   41   154   45   0   105   0   0   309   13   47   112   0   0   0   413   0   7   1   18   126   58   0   4637   23   0   31   0   0   0   27   0   0   0   0   0   0   0   14   0   0   0   1   0   0   0   0   0   190   3   16   0   511   0   0   17   0   0   0   53   250   1272   61   0   0   0   0   0   0   6   30   280   107   0   0   139   0   0   425   0   0   0   233   0   0   48   208   394   9   0   
0   0   2621   8   2   0   0   0   0   132   0   48   0   166   0   0   19   16   0   0   72   0   0   0   0   0   0   0   3204   0   0   0   0   0   0   0   509   14   0   0   0   0   0   0   0   143   59   458   0   0   0   0   951   0   0   0   0   0   0   0   0   0   0   0   0   0   0   38   0   5374   0   0   0   1472   0   6   50   49   0   0   0   0   274   462   0   34   0   233   126   0   0   0   0   0   0   0   121   0   0   0   
0   0   0   12   183   38   0   24   0   89   50   3203   12   1   0   140   1804   30   0   0   0   0   0   4   0   38   1   0   0   21   0   0   38   0   0   2   309   0   0   11   0   4   0   98   0   90   3   0   0   0   0   0   59   115   0   6   0   0   26   0   0   0   0   0   0   0   0   0   0   40   3   453   0   0   0   0   0   15   0   0   183   0   45   265   0   0   0   0   0   0   0   0   0   26   76   0   59   0   162   1472   
1   0   143   2   1010   293   0   0   70   59   85   0   144   53   1353   0   0   8   149   0   0   0   18   0   0   42   0   0   0   0   0   98   7   716   0   0   0   0   0   0   0   0   0   0   12   0   507   0   0   0   0   0   85   0   0   0   82   8   0   0   48   0   0   48   119   5   115   509   0   0   0   0   0   0   0   0   0   0   0   38   0   236   0   143   1443   0   0   181   0   0   0   0   5   0   18   0   0   120   0   166   
9   0   0   235   0   0   0   0   6   0   0   0   37   0   0   1062   0   0   0   462   0   0   110   0   0   0   12   0   6   0   0   2   0   0   77   9   0   24988   0   0   219   0   0   147   0   0   0   2375   0   205   0   186   8   13   115   490   0   167   0   11   0   0   5626   958   0   67   0   0   34   0   0   0   324   0   0   0   3   0   15   0   84   11674   0   0   0   0   0   322   0   0   251   0   10   1766   168   1884   0   1766   119   0   
0   0   25   0   0   0   0   0   0   24   0   0   0   0   8   309   5   0   0   1   182   0   0   0   0   0   21   53   1   0   0   0   1079   23   0   0   545   0   0   0   127   34   76   133   462   0   0   0   0   0   0   0   0   267   100   3   0   0   0   30   0   0   0   0   0   1   342   0   0   0   0   0   0   0   0   42   0   0   533   114   281   0   15   1272   0   92   0   0   26   0   0   0   0   0   3   0   250   0   16   85   
0   0   34   0   0   40   57   7   0   0   0   0   0   1   0   249   79   693   0   0   0   0   233   16   2   0   16   15   0   0   0   0   0   0   0   5213   0   49   462   133   0   2621   0   0   48   0   0   1   0   729   14   0   0   0   0   7410   0   1610   0   235   0   1   26   0   0   0   1   0   316   0   0   0   3   140   0   0   0   2621   24   0   0   0   0   0   0   0   0   529   0   7   0   226   56   0   45   0   0   3   0   0   
0   0   0   316   0   0   0   0   114   0   0   0   0   0   0   0   98   0   255   0   0   0   0   0   2   0   0   24   0   0   0   0   2   0   0   6   0   0   0   38   0   0   39   0   0   0   0   0   6   0   0   2   138   0   0   0   151   0   4   0   0   0   0   0   0   0   14   0   114   167   0   265   0   0   0   172   355   0   0   0   0   0   27   0   0   257   0   453   0   0   220   1206   1   0   0   190   101   0   0   18   
3   0   0   0   168   0   0   1   3   0   0   0   0   511   606   0   0   0   0   325   0   62   4   5   41   0   0   0   39   0   0   132   0   125   0   0   21   69   0   729   0   0   0   0   5   9   0   0   0   4   0   0   0   3   79   0   729   2267   554   145   0   0   2129   15   0   0   0   0   0   0   0   18   139   0   0   139   0   0   0   0   56   0   0   0   154   0   0   0   0   0   5   0   0   0   4   0   12   0   4   6   
0   0   0   93   0   0   0   0   2   3   0   0   1   0   0   0   10   0   0   0   0   0   90   0   0   41   0   346   92   0   0   0   38   0   0   57   35   0   144   1   0   302   453   16   141   2129   0   0   38   0   0   0   4   13   0   1   70   0   0   0   0   69   67   3422   0   0   0   0   0   0   555   280   3   0   0   0   2   0   0   1   139   0   0   21   0   0   63   0   0   0   114   0   0   0   0   0   209   0   1713   0   
4   116   0   21   39   0   34   5   0   0   0   70   0   0   98   5374   0   196   406   0   39   0   0   0   0   69   0   2   148   89   9   358   0   0   59   0   173   9   4   0   36   32   1036   91   265   0   0   528   225   3204   21   19   0   0   295   0   0   0   511   233   0   17   0   7   302   0   0   46   559   0   0   0   0   0   190   209   41   41   0   0   0   0   0   4   0   1   74   0   0   0   0   0   0   554   0   0   278   0   205   233   
0   0   0   0   0   0   0   0   14   1   0   0   160   0   4637   40   3187   0   53   0   0   0   41   0   0   0   0   107   0   2136   0   0   26   0   0   0   0   0   0   0   0   0   0   0   1062   0   0   0   82   19   112   0   0   0   139   0   0   0   327   1   0   0   1804   0   0   729   6   1307   293   186   0   0   26   0   148   111   26   0   0   86   555   257   0   0   265   2   168   0   0   0   167   43   12   0   511   3866   0   0   0   0   
4   56   5   182   0   0   17   116   109   62   2   258   0   3187   0   0   0   127   0   1062   0   0   0   82   430   92   0   0   0   29   8472   0   0   0   21   31   0   0   0   0   2   1804   0   452   0   1079   0   139   233   0   78   1991   9259   0   0   0   6   0   0   11488   425   33   49   0   0   0   0   0   0   0   0   0   0   149   0   452   0   0   0   453   42   0   162   0   919   56   0   18   0   0   1175   2   0   693   12   410   35   0   93   121   
0   322   345   0   12   0   24   0   0   0   58   56   0   0   0   0   0   0   423   0   293   3   29   6   0   0   8   0   0   0   0   0   0   0   59   24   0   0   0   56   0   469   8   0   0   98   0   91   0   0   0   0   1   2   0   0   0   11   0   0   720   2   349   0   458   0   602   0   0   0   109   3187   0   0   0   0   0   2   15   0   61   0   0   250   0   1   0   13   0   28   4   0   0   0   0   0   0   12   3184   0   
0   0   12   28   0   4   40   0   13   40   0   0   0   0   63   105   219   0   0   0   0   126   143   0   0   1   22   82   56   0   16   874   258   667   0   490   0   0   0   21   115   39   339   470   36   34   5   0   0   0   0   0   3   0   2267   15   0   0   991   0   0   0   0   0   67   98   0   5   0   191   49   0   13   0   0   0   203   237   351   29   0   49   0   49   0   85   132   42   0   0   0   0   2675   0   0   41   0   0   3   0   
0   0   0   64   0   2   0   109   0   20   89   33   1345   0   0   0   0   171   0   64   120   0   9259   0   92   0   1   0   1036   1214   70   67   150   0   0   0   88   0   0   53   0   0   0   26   0   233   1206   0   14   4   0   0   16   0   191   0   0   0   73   5   148   0   0   0   0   0   0   0   0   0   0   0   0   510   38   0   0   29   0   0   509   61   16   151   0   0   65   0   0   0   6   606   0   0   0   5   14   0   25   0   
0   0   0   15   0   0   1460   0   1991   0   2   0   126   423   12   0   8472   569   0   8   0   28   31   0   50   144   0   0   0   63   11   121   0   4285   0   0   602   356   0   485   0   0   100   533   0   0   0   0   0   1717   0   13   0   1   1804   0   0   12   0   103   0   1713   0   0   45   0   0   0   0   57   0   355   509   0   0   39   0   98   126   0   358   496   0   0   1776   0   0   0   45   4   11   3   0   0   2129   0   0   0   0   0   
265   302   0   0   0   0   21   0   0   0   507   0   45   3203   0   149   0   0   49   0   0   217   30   8   7   0   3184   0   0   0   16   0   0   0   0   0   0   268   0   0   0   105   4   0   0   0   0   0   0   0   0   0   0   59   0   0   184   1353   0   0   15   1991   0   0   11   15   0   0   0   0   1010   4   1420   0   511   31   0   693   121   0   149   0   20   0   413   2621   42   0   0   0   0   0   0   89   710   93   0   4   61   0   
10   0   0   105   1   0   165   98   0   21   0   0   0   0   0   0   0   16   0   0   0   0   1010   0   0   0   0   0   0   0   0   0   0   98   0   183   3   0   53   349   0   0   149   3   0   107   59   0   0   70   57   349   0   1073   0   0   0   15   0   84   0   0   0   85   0   1010   0   0   12   186   58   0   425   58   0   0   104   0   0   4   0   0   4   0   0   1443   0   20   555   0   0   109   0   0   0   57   18   0   12   0   
26   0   0   0   0   0   0   1353   0   36   483   77   7   0   0   4   140   26   0   18   0   0   1010   3   271   0   0   34   0   0   0   0   114   0   0   1443   0   0   250   0   0   0   0   0   0   0   0   0   21   0   0   0   1792   24   0   200   0   511   0   0   0   0   0   3   261   48   0   6   0   0   62   0   220   0   1287   0   0   0   2295   0   2675   293   0   36   0   0   11   0   0   0   708   0   0   0   0   0   0   0   2   0   
0   0   2267   265   0   107   0   0   0   59   0   0   0   0   49   0   0   38   261   12   545   0   1307   59   0   0   0   0   44   8472   0   0   2   0   0   0   0   0   0   1   0   82   0   13   141   0   35   132   0   4   88   0   19   0   0   0   0   0   0   0   0   0   0   40   0   2   0   0   0   0   0   220   184   0   5374   22   0   0   53   32   0   0   151   24988   0   0   0   0   12   327   35   1218   0   0   0   0   0   0   0   0   
80   0   1   0   196   3   0   0   0   0   0   0   0   0   0   0   0   0   0   9169   0   0   0   57   0   38   0   453   56   0   0   0   0   0   0   0   9   0   0   0   1   40   51   0   0   3204   0   0   247   0   2   1475   0   0   0   0   165   151   57   0   0   0   2   0   0   128   0   76   233   0   0   0   0   9   0   0   0   0   70   3187   249   105   0   0   0   0   0   0   101   0   0   0   0   0   2295   0   0   117   0   80   
1353   710   116   0   708   1   0   0   0   0   0   76   126   186   0   0   0   0   0   309   716   280   0   0   0   0   18   346   0   0   0   0   0   1717   31   308   0   0   0   0   18   0   0   67   0   135   0   0   0   250   0   70   0   0   0   0   0   0   1   0   35   233   3   0   0   0   0   247   4   0   101   0   555   373   0   0   154   9259   0   173   0   0   3   0   18   0   1272   4   0   0   0   0   0   0   12   43   0   0   0   0   
4   0   0   0   0   94   0   0   0   0   0   0   1717   0   0   85   0   29   0   0   11   155   0   77   56   37   0   32   65   0   469   144   14   9235   72   8   48   232   145   0   0   121   3   0   0   144   351   430   52   0   0   991   0   16   0   154   0   0   0   0   0   0   1766   0   56   0   0   345   0   3   0   0   3   0   0   14   0   32   2   0   253   331   119   0   0   0   5   16   0   0   559   1   2295   0   765   0   1418   0   0   126   
26   30   0   0   0   0   0   0   250   0   0   0   0   0   7   0   0   0   0   0   1353   200   107   0   1036   0   183   0   9   0   13   0   0   80   16   0   0   0   255   0   9   29   0   0   0   0   13   0   0   0   7   0   3   10   0   0   0   168   0   0   151   0   0   0   89   0   0   233   82   39   0   0   0   0   0   3   0   0   0   12   0   4   0   2   0   0   0   1418   0   12   0   0   0   249   1460   0   0   0   0   0   
4   0   0   0   50   1   0   0   335   0   0   0   0   0   39   1862   232   0   0   2   0   0   0   73   0   0   4   232   167   0   0   42   127   0   0   0   462   0   41   452   82   1   0   0   0   958   14   19   0   0   3   61   0   35   793   0   0   0   90   0   0   0   1713   186   0   0   0   0   57   0   0   188   12   50   0   0   0   0   0   285   423   0   50   0   0   0   0   12   4   55   0   2675   35   36   0   0   80   0   14   0   
0   0   16   78   3   0   106   0   0   61   1610   413   0   0   1144   119   30   0   0   11   0   0   507   0   0   1787   0   0   14   0   0   0   125   0   0   0   0   0   0   0   116   0   0   0   56   0   0   0   0   182   0   65   99   0   0   0   56   44   0   0   0   0   0   90   951   1669   173   0   0   0   0   0   0   0   93   172   0   0   0   0   0   0   4637   0   0   139   496   0   0   0   0   31   84   261   0   15   0   2   14   295   
0   90   0   0   0   46   10   0   0   258   0   0   0   462   59   1472   0   33   0   158   30   0   0   5   250   0   0   0   3   0   114   0   217   0   0   0   0   0   0   0   0   0   0   0   0   9   0   70   0   0   3   943   0   0   0   0   70   14   14   0   0   0   3866   0   0   0   0   49   0   0   126   7   0   0   0   12   0   0   0   0   0   0   0   0   0   0   0   0   0   0   0   94   0   521   0   101   0   0   1   10   
0   0   0   0   12   0   0   452   0   12   274   98   0   0   549   0   101   0   31   0   0   0   57   0   0   0   3204   2675   991   0   112   126   0   0   0   0   0   0   349   17   0   166   249   0   0   0   511   0   134   0   0   0   0   0   0   470   0   7   6   0   0   250   0   0   0   5   0   0   0   0   0   172   0   84   10   0   63   0   0   0   293   0   0   0   0   188   0   0   0   0   0   0   3   2375   49   0   0   0   0   3028   
209   0   0   0   820   2   0   0   0   0   99   0   0   0   0   0   0   308   14   0   25   0   0   0   78   232   0   0   0   0   0   0   25   0   0   49   0   5   114   0   0   0   0   331   0   0   0   125   0   0   82   0   0   0   3   0   0   356   0   0   18   24   25   0   958   0   0   6   0   0   162   0   2   0   4   0   0   0   293   0   0   0   0   0   485   11488   133   85   3187   0   0   0   120   0   0   2   0   0   0   107   
12   0   4   0   64   0   0   186   0   45   0   67   0   0   0   0   1   0   309   139   0   0   38   554   0   0   0   15   0   209   2   3187   874   109   0   0   0   0   181   0   0   58   0   0   149   1   9169   0   0   28   0   0   0   0   114   0   23   0   0   0   106   0   0   4637   36   4   0   5   0   21   0   0   0   0   5191   144   0   0   0   0   0   58   0   115   0   133   144   1   0   0   25   0   0   0   33   0   22   2   0   0   
0   0   0   528   0   0   0   0   0   3   221   0   2621   241   0   0   0   0   0   0   261   0   0   58   0   100   208   308   0   549   0   50   0   0   57   0   0   1   0   0   0   0   51   0   91   0   0   134   8   0   0   0   0   0   0   148   41   0   0   0   250   0   226   0   0   91   0   186   0   0   168   186   0   0   49   0   0   0   0   0   0   0   0   0   0   0   0   171   2   0   0   0   0   5213   0   0   2   55   0   1206   
0   0   0   0   0   1   166   0   1991   452   0   278   26   10   0   0   39   2   0   0   0   0   0   50   7   76   278   0   85   0   0   28   0   0   0   0   1   171   0   0   0   0   16   0   120   0   0   6   0   765   0   0   0   0   44   0   0   0   0   44   0   50   4   115   7341   0   0   0   0   18   607   268   293   0   0   1   0   380   0   149   5   219   720   0   0   469   0   208   167   0   349   0   0   126   18   0   765   181   0   207   
20   0   0   0   0   0   0   0   765   0   1206   765   0   53   0   33   9   0   0   0   410   25   144   0   0   0   42   0   1287   1   0   7   101   1   148   0   0   0   0   0   0   373   0   4   0   32   483   21   91   3   370   0   0   1218   0   0   0   0   0   0   0   14   1010   0   0   231   26   0   380   15   0   126   21   0   0   0   3184   0   0   21   0   8   602   0   0   0   2675   26   209   0   0   0   0   0   0   0   0   370   0   0   
10   30   132   29   0   0   0   0   67   65   0   14   0   0   0   0   0   155   0   0   0   0   0   0   0   0   53   0   0   16   0   0   3   0   0   0   0   1610   0   0   18   0   1792   0   63   462   0   16   0   0   5   64   1   2621   0   15   183   0   0   316   0   0   0   0   0   0   308   188   52   0   46   0   74   106   0   0   0   0   0   0   27   0   0   410   0   12   0   0   0   0   0   0   141   1   3644   107   0   32   0   18   
0   0   0   16   0   1   0   483   0   5   0   45   0   0   0   145   0   1935   0   7   410   125   132   0   1345   19   0   0   0   0   250   34   0   967   0   0   165   0   53   0   0   151   0   0   1792   0   64   0   0   0   1079   0   191   0   72   0   3644   0   0   0   0   1610   0   220   42   280   0   2   0   0   0   186   2   1   0   14   0   0   0   513   40   0   4285   41   29   606   167   0   18   79   0   0   0   0   0   0   84   0   413   0   
14   43   143   34   0   0   0   2267   0   6   0   3   0   0   56   0   105   0   57   0   4637   0   0   20   0   8   267   351   0   0   35   5   0   4   19   0   18   0   5   23   4   0   0   57   41   0   0   120   462   0   0   0   554   0   0   0   316   55   0   0   0   0   4   7   63   0   0   0   0   3   2   0   0   0   0   0   0   0   0   1   1472   9   89   0   4   100   11   0   1   1472   0   89   0   3187   0   98   0   220   0   0   
21   0   0   0   22   216   1206   7   1717   91   0   0   72   0   0   59   0   158   191   0   0   25   0   0   0   0   0   0   0   0   0   37   0   0   116   0   141   0   0   0   0   453   0   9259   143   82   0   0   0   0   208   6   143   11   0   149   0   0   0   0   0   0   0   0   0   0   0   389   7410   0   0   21   50   0   0   0   0   0   15   0   0   2   0   21   76   0   0   3   0   339   410   1010   0   0   0   0   0   0   0   0   
56   12   0   250   0   0   0   1175   0   0   251   0   0   12   0   0   0   0   0   0   0   0   0   1862   0   126   0   0   0   261   0   0   30   0   53   46   1175   0   0   2   0   66   0   37   0   0   0   0   2   0   0   0   0   0   0   0   78   0   0   50   226   127   0   3   0   0   0   0   0   0   0   0   0   281   4   0   9   61   48   0   0   0   1   39   64   42   0   0   0   559   0   6269   0   107   0   191   0   59   0   0   
0   3   0   0   0   0   607   0   147   0   2267   0   0   0   0   0   226   3   0   0   0   0   0   0   0   0   0   0   90   0   0   0   117   0   141   2   0   0   0   0   1   69   8   181   0   1   85   0   0   1935   0   0   17   0   0   3187   16   9259   0   0   0   0   2   453   107   0   0   0   0   0   3028   0   3   10   0   0   0   0   4   0   0   0   151   0   2295   0   0   57   2267   1   61   80   11   0   0   533   0   0   0   0   
0   0   250   0   0   1287   1776   132   410   667   0   0   0   483   0   13   9   0   0   0   0   0   0   0   0   53   8   0   0   0   0   0   0   30   0   0   0   0   0   261   55   126   76   42   602   0   0   0   0   0   9   0   0   0   0   5374   0   110   430   0   5374   2   5   0   0   3   34   1   0   0   5   2129   181   0   0   0   158   0   0   0   0   0   0   18   0   0   6   0   0   0   0   0   0   93   18   0   0   101   0   10   
39   23   0   0   0   0   0   1792   0   0   0   3   42   0   0   458   0   0   0   0   48   38   0   0   145   1635   1   0   0   0   0   0   14   0   49   346   0   0   0   0   59   0   0   0   0   214   0   267   147   0   61   3   6   0   545   0   0   554   0   0   453   34   233   0   0   0   57   0   18   0   0   0   0   0   0   0   38   0   0   0   0   123   41   0   1717   50   0   0   0   4   3   0   3   13   0   0   0   5213   0   919   
537   0   0   53   2295   0   0   0   0   117   2   3187   0   0   0   0   0   0   0   0   0   0   0   0   0   53   99   1079   0   265   0   0   63   0   18   0   0   1   6269   43   21   0   0   59   0   0   145   0   14   149   5191   0   0   0   0   317   0   7   0   12   0   261   0   0   171   0   0   0   205   0   0   0   0   17   0   151   3600   59   168   1443   409   0   0   0   0   0   0   0   0   0   88   339   1062   0   0   12   0   0   0   11488   
1935   0   0   0   231   509   3   1   0   0   261   0   0   4   0   4   115   0   4   0   0   1   0   7   0   21   0   76   0   0   3   0   0   0   49   0   0   0   3   26   0   171   148   1443   0   0   0   67   26   496   0   0   0   0   0   0   116   5374   9169   0   0   0   0   0   125   241   0   0   64   11   0   4981   0   0   0   0   143   86   0   0   0   0   0   168   0   0   186   0   0   0   346   158   0   2   0   0   0   233   21   0   
5   57   141   57   12   0   13   0   182   0   9169   0   16   14   16   2   15   126   0   42   0   0   0   0   19   0   0   0   3   0   549   0   14   0   250   120   2   36   0   3203   68   0   80   0   0   42   0   25   139   216   0   342   0   3   0   80   2   0   1   0   0   0   0   34   462   0   14   0   0   0   15   148   0   0   0   316   0   0   1206   0   6   3   0   0   0   0   0   0   0   0   0   0   0   0   0   528   0   145   2   42   
34   0   0   12   0   134   48   0   0   0   0   0   0   0   0   0   0   274   0   0   0   0   6   0   0   186   1   14   126   159   0   0   1766   0   0   335   0   0   0   3187   10   214   0   327   0   0   0   0   0   0   0   0   0   0   0   0   165   0   20   0   6   5   0   5   233   0   45   0   0   0   56   268   107   1   0   0   0   0   0   0   3078   1   0   0   0   0   0   0   133   0   0   21   0   0   5   61   0   32   1   59   
0   0   0   2267   50   43   0   0   693   0   0   21   0   0   0   0   0   0   114   1   0   0   0   0   9169   0   3   0   0   4637   0   0   7   0   0   57   0   0   0   0   0   0   84   0   919   0   0   0   5   0   0   513   0   7   42   0   0   0   0   159   5626   1218   0   0   44   0   0   0   0   528   0   0   0   119   0   0   0   0   0   0   0   0   0   0   126   0   0   55   0   18   0   18   0   162   1062   0   0   0   0   0   
2   45   0   530   554   0   0   255   94   0   0   3   183   0   23   0   21   0   0   0   0   5   0   0   253   0   133   0   0   106   85   0   1792   13   0   0   533   0   0   0   186   1   0   0   0   115   0   716   0   143   0   0   6269   2621   0   0   0   349   1766   0   0   0   0   19   0   0   513   0   0   29   0   0   188   0   0   29   2   0   160   0   0   0   162   0   0   250   0   0   0   0   46   0   0   155   0   3   0   0   274   10   
0   0   0   34   0   62   17   0   0   0   559   0   186   0   0   0   0   144   0   1   0   18   219   0   0   80   0   0   0   0   0   0   0   308   0   0   0   0   0   0   11   0   0   1   0   0   0   521   258   57   21   36   0   0   0   0   0   0   0   0   0   0   85   151   0   0   0   0   220   0   0   0   33   0   0   2   2937   0   0   0   19   0   373   0   0   0   0   0   0   1   0   602   0   0   115   0   3   0   0   0   
0   0   1   23   0   168   0   0   32   0   0   53   23   0   93   339   0   919   0   3   0   208   4   0   283   0   10   293   0   111   0   0   0   1884   0   0   0   0   0   0   0   0   42   143   0   0   0   0   4   0   2   0   0   0   0   247   12   0   278   11   0   425   0   0   569   0   0   0   1   0   0   0   0   951   0   0   0   1   0   0   44   0   0   0   6   181   3   1   0   0   0   0   720   0   0   3   0   44   0   0   
0   4   0   0   0   0   0   53   0   0   0   58   0   24   17   0   0   0   0   0   145   0   0   0   0   0   0   511   3   0   34   0   0   0   0   0   0   0   0   18   0   0   165   355   0   4   0   0   0   0   0   1   9   12   0   0   0   1175   1   0   0   0   0   20   0   0   0   0   82   358   1073   21   0   233   0   982   1073   351   0   0   0   0   0   18   0   5626   0   24   33   56   0   0   0   324   0   41   0   3078   0   0   
0   29   0   1991   0   0   0   0   0   0   0   0   0   0   0   14   236   1   511   171   0   0   0   38   166   4   0   0   0   0   0   155   9   0   0   0   0   0   55   0   0   943   0   0   42   42   0   0   0   3866   0   351   0   48   0   3   327   12   175   2   0   0   5   0   0   3422   0   197   17   0   1713   1175   0   0   0   0   0   0   0   3   0   0   0   607   0   0   0   0   12   389   99   0   0   0   42   293   0   0   0   295   
2   0   0   0   0   422   0   1713   0   88   0   16   0   0   3   0   0   0   0   521   0   0   545   0   3   0   1   0   0   0   0   0   0   93   86   0   133   162   422   0   184   0   0   0   5213   0   48   0   0   5   0   7   13   0   3   0   0   0   0   0   0   0   9   120   410   155   4   3   128   45   0   0   0   0   16   0   0   57   0   0   57   0   0   0   0   0   0   0   0   0   0   0   5034   14   0   0   0   191   160   0   
12   0   100   0   0   17   462   2   0   0   0   0   11488   1713   135   0   0   7410   26   109   0   91   0   15   0   0   0   225   0   0   144   327   0   0   0   293   0   1062   1   0   45   42   0   0   109   21   0   0   84   0   0   0   0   0   511   0   0   0   0   0   0   0   27   21   0   0   0   0   31   175   98   0   0   4   0   6269   114   46   135   0   0   0   0   0   0   308   3   4   0   0   0   0   0   188   12   0   309   0   0   16   
3   37   0   0   30   225   0   0   0   12   0   17   0   0   0   0   0   0   0   47   3   425   511   0   0   0   0   0   0   693   0   0   0   134   0   0   0   0   6   112   0   0   607   0   0   0   0   0   0   32   607   0   0   0   35   104   9   349   186   0   0   0   1036   93   0   0   1268   0   12   5   0   17   135   0   0   0   0   0   0   90   0   1   38   4   80   18   0   0   1036   51   21   0   0   3   0   3   0   0   39   7   
0   0   127   0   0   0   0   0   0   0   0   50   1   20   0   0   161   125   0   0   0   0   21   0   0   76   0   101   85   107   0   0   0   0   1   0   0   0   0   128   0   0   0   181   528   82   0   0   57   134   137   5374   0   1776   530   5   0   0   5   0   1353   0   0   121   20   3   250   268   14   197   0   27   0   4   0   0   59   151   0   0   0   0   0   0   2   0   0   8   0   1062   0   0   16   20   0   4   4   0   0   0   
3   13   0   6   2   25   0   0   602   1073   0   0   0   409   0   0   0   0   42   0   0   729   0   37   0   0   0   0   569   0   0   0   422   0   10   0   132   0   0   308   43   537   0   274   0   0   0   0   0   15   0   0   0   0   0   0   0   132   0   257   0   126   0   0   4   355   0   30   0   0   0   0   101   0   1   2   0   7   6   15   0   92   0   0   0   0   0   51   0   99   0   0   496   50   0   0   0   0   0   0   
1   61   0   42   0   0   56   0   0   4   0   0   394   26   44   0   13   0   127   9235   0   70   0   34   0   0   509   0   0   1   0   0   148   0   0   0   0   0   0   0   1935   0   0   3   15   9   0   92   0   0   0   0   3   967   0   0   0   111   0   0   0   14   0   0   316   45   0   40   116   0   0   0   0   0   0   0   0   1268   485   110   0   0   6269   0   0   114   0   62   0   0   0   0   0   1   3422   8   45   45   0   0   
