100
0   67   0   30   478   0   1   0   36   0   0   0   215   0   146   0   0   187   0   0   0   0   0   0   0   0   0   0   92   2   0   0   1   570   0   0   238   0   2   9   0   34   123   0   13   25   0   0   0   109   0   315   0   0   0   287   0   0   0   2765   203   0   10   0   0   431   3647   0   0   0   675   80   0   0   0   41   0   0   0   0   4   0   0   0   0   1626   0   88   0   293   458   0   0   14   0   0   0   0   0   0   
0   0   0   0   3   39   0   8   0   480   153   107   17   297   17   0   9   0   0   0   4   65   1244   0   13   532   31   0   88   2   2705   50   723   344   12   0   12   0   0   0   0   0   311   0   38   72   611   0   0   18   2   0   0   0   168   0   1153   3   0   32   1   0   0   0   0   0   137   0   963   99   61   35   0   1   0   11   0   6   757   0   17   0   0   9   0   40   0   0   0   128   1   0   611   0   0   0   0   49   0   0   
71   249   0   0   176   5   241   0   0   332   19   25   76   2   0   0   0   0   0   0   3   28   4702   0   8   0   13   20   33   0   0   375   0   0   664   0   0   0   57   0   0   0   124   0   33   0   12   0   22   0   0   19   321   99   0   0   366   0   69   199   31   0   0   0   0   0   0   0   50   173   267   22   0   0   0   5386   21   76   2   146   16   0   0   0   0   29   0   82   0   0   0   0   0   60   0   315   15   0   0   3   
0   0   0   0   60   570   0   0   1327   2756   80   0   0   0   0   14   104   0   5   426   0   0   0   250   126   7   38   63   118   0   1   33   115   0   131   33   35   0   4496   1380   0   0   51   15   0   0   0   71   0   0   126   0   0   3   0   0   337   0   146   29   0   3139   0   0   0   278   0   446   0   0   0   0   0   0   16   6   0   5   3   0   0   3   0   0   209   451   5   57   197   0   477   34   0   20   0   0   10   0   0   0   
0   0   57   0   0   809   11   0   0   2   0   53   3051   0   0   0   38   0   0   40   0   0   27   0   0   0   49   1514   22   0   0   0   0   0   18   0   0   4   0   68   235   533   0   30   0   0   6   776   128   1216   0   0   57   242   15026   0   0   0   0   4   4   10   723   14   0   185   131   100   261   332   0   0   4   0   431   0   0   12481   1804   0   50   0   0   0   0   0   10   22   661   9   92   311   334   0   755   426   0   20   1884   65   
0   0   0   0   2   0   0   0   0   0   1380   3   0   9   155   0   35   14   322   0   0   24   2   87   0   1   0   31   0   0   280   0   0   0   337   0   0   0   0   29   147   0   0   0   0   675   9   0   50   0   1   0   215   3   3   0   0   0   319   0   0   3   0   0   0   11   30   19   0   109   26   0   80   1   9   0   0   0   12   0   0   23   83   0   408   4   0   241   0   0   261   0   0   99   27   563   0   126   0   0   
64   0   18   60   0   1   0   14   5   0   1   59   619   0   80   0   0   49   12   0   124   17   0   0   0   0   0   0   11   279   126   0   0   35   586   313   9   0   0   11   0   0   0   0   0   0   2053   34   0   0   512   0   85   0   0   0   0   5624   809   1   29   0   0   16   29   102   2   0   128   0   0   196   4   0   0   33   0   0   136   279   0   0   0   0   0   9   0   0   421   696   0   0   0   0   0   0   502   6   0   0   
0   0   0   0   0   69   85   0   128   0   28   0   0   0   0   0   7   0   31   0   0   1   1605   188   15026   0   2   0   0   176   10   0   12   0   0   85   0   19   0   199   0   0   24   0   20   103   0   0   53   0   0   143   723   126   0   4   0   0   0   2   0   0   0   17   33   133   0   116   0   0   65   1   3   0   26   6   0   337   0   0   0   0   0   0   297   287   1148   0   123   18   0   4   0   0   0   25   0   0   0   9   
43   54   0   0   0   6   0   0   0   8   87   0   35   82   0   0   50   151   1   0   164   0   10   0   0   0   0   0   50   0   30   0   0   458   0   0   48   1032   0   104   0   118   0   0   35   0   0   0   0   0   0   0   0   0   0   82   0   103   0   0   70   0   99   0   275   313   0   456   0   465   0   0   0   0   1626   30   400   20   0   3   1   0   151   0   8   35   0   0   0   1142   0   0   0   1   799   0   0   0   0   0   
0   0   0   0   6   1   0   0   0   0   0   619   0   244   0   0   987   0   0   79   0   0   33   111   0   0   0   6   62   16   6   3097   78   0   0   0   29   7   0   140   0   1514   153   456   0   0   36   0   1038   0   0   0   0   0   0   0   1805   8   0   0   53   0   67   0   0   0   1   0   282   52   570   0   496   0   9   14   151   0   0   0   1   209   0   185   58   85   0   0   0   0   46   332   12   0   1032   0   757   0   0   22   
0   0   1   63   0   69   0   344   4   0   0   0   912   249   0   0   0   42   1216   0   6   8   279   0   25   19   0   14   0   25   58   22   0   82   0   0   903   27   0   0   0   1094   8   0   0   69   43   9917   0   0   0   0   346   13   143   4722   0   0   0   1605   10   0   0   3   0   0   0   0   76   293   0   8   0   0   0   66   140   0   10   0   0   0   83   0   280   0   6   0   275   807   0   0   4   5   0   0   10   0   227   198   
0   0   0   682   358   169   0   0   0   0   0   0   96   0   16   111   0   0   0   0   0   0   0   1613   29   477   0   0   13   87   0   0   20   11   0   0   29   0   23   0   0   0   0   0   0   0   0   146   6   0   0   0   218   50   126   24   0   13   0   0   0   10   0   0   0   0   13   3   83   22   39   0   0   0   39   0   0   774   0   18093   947   20   8   15   0   123   23   0   59   0   2213   4   46   0   0   0   0   24   19   5   
137   0   0   151   0   131   2291   0   0   0   0   4   0   0   52   0   59   58   0   0   39   0   0   0   451   0   185   0   11   0   0   0   114   0   35   0   34   28   0   3504   43   1   13   0   0   0   39   0   0   0   35   0   0   0   657   4   10   10   490   0   60   502   0   0   0   0   126   0   249   59   62   22   29   0   0   0   86   0   4   332   10   0   0   0   0   9   0   0   876   90   9   0   67   0   0   0   0   0   0   0   
45   0   0   8   0   0   0   0   6   0   0   0   230   0   16   0   28   0   176   0   3   0   0   25   0   0   0   0   28   16   0   13   0   0   4   385   0   0   0   0   6   7   0   0   0   0   0   3   4   131   0   0   91   0   1   0   4   0   0   0   84   195   563   0   0   0   37   1327   0   81   22   278   0   0   50   25   0   0   4   4   0   67   6   55   0   176   0   89   0   0   40   0   0   0   0   0   0   0   0   26   
0   114   42   0   109   1   1   13   2756   0   458   0   4   123   0   0   12481   87   0   0   0   0   0   2765   237   0   33   0   0   1   13   0   0   0   116   0   38   0   322   0   143   0   0   0   8   0   0   0   0   332   0   358   94   0   13   0   17   87   85   0   0   0   0   37   0   0   0   0   36   82   480   576   1038   0   0   0   1112   0   0   0   0   0   0   0   32   9917   0   0   547   0   0   4   2   0   0   0   0   0   198   0   
0   0   198   0   8   0   0   0   38   0   0   0   19   3407   0   0   0   23   84   17   2   0   0   0   24   0   0   0   2   0   29   25   0   0   12   87   3   8   0   79   140   0   0   67   0   1626   0   384   0   0   0   2   0   113   0   77   0   0   990   0   63   64   0   3   0   48   0   0   0   0   19   33   11   0   2705   0   365   0   0   0   0   0   0   0   128   20   250   29   9   0   0   586   0   0   36   0   0   33   0   3   
107   29   0   0   76   0   0   67   0   0   3139   0   963   0   14   0   0   0   12   0   3139   0   570   0   0   0   0   1   10   0   1142   0   0   30   0   35   346   4   0   0   0   0   0   0   0   0   0   0   3   2   0   0   664   0   0   32   0   346   38   111   37   0   0   0   0   799   1   0   0   0   275   0   0   0   0   0   58   0   0   120   4   0   51   126   0   903   0   50   51   0   282   96   0   0   23   8   297   0   120   15026   
421   8   0   0   128   0   0   0   15   0   0   0   0   42   0   0   0   0   0   0   72   0   0   0   3   0   1   164   0   0   0   0   1   0   0   0   657   40   0   85   0   0   57   0   0   0   11   0   1   113   0   0   0   0   0   0   0   0   0   563   94   0   0   0   0   0   0   291   117   0   0   1624   0   2   96   0   0   0   0   275   33   0   22   62   0   58   0   0   0   0   9   185   0   0   0   60   50   0   385   3   
0   0   0   0   0   0   0   0   0   76   0   0   0   68   0   0   0   0   0   126   0   0   0   0   1883   0   51   10   92   0   0   101   8   0   0   25   6   0   0   0   16   0   3   0   30   0   0   0   42   132   0   0   118   0   807   2   2   0   109   0   0   0   267   6   0   0   0   12   0   0   0   0   0   0   0   0   0   209   757   0   0   49   0   42   0   2454   4   0   0   0   0   0   116   0   0   37   63   49   0   18   
0   0   0   0   4   153   0   151   0   203   0   0   713   169   0   1032   0   12   0   0   7   1244   0   0   0   563   0   0   0   0   1603   1153   0   2   0   334   33   0   0   0   124   0   0   0   9   0   0   0   2   690   166   31   0   0   0   0   375   207   3   0   0   5   0   0   103   39   33   0   0   0   1605   0   0   0   0   0   0   0   0   0   0   0   198   0   0   0   0   39   3647   0   0   0   0   63   0   0   0   0   0   755   
0   3139   346   0   10   65   0   151   0   0   6   1   0   0   0   0   36   0   0   81   0   0   0   0   16   10   0   0   0   71   1   0   0   0   0   2213   0   0   0   0   0   1094   67   140   194   39   0   0   2   34   0   0   36   0   0   13   0   446   0   0   0   16   0   2   17   0   0   0   126   966   0   0   0   0   27   0   227   0   0   0   0   400   143   0   0   657   0   7   0   0   0   799   0   31   0   0   0   0   0   155   
0   0   4   337   32   0   7   0   0   0   0   146   28   7   0   83   0   0   25   0   0   0   0   0   0   3   0   0   0   0   277   17   0   5   0   0   0   0   0   401   0   0   4   34   0   384   2   532   0   0   1   175   0   11   0   0   0   0   6   1478   1   0   34   6   0   0   236   0   4   0   0   4   0   0   0   0   0   0   9   113   311   1   0   0   0   0   0   111   0   48   8   0   0   0   0   17   0   218   0   39   
108   0   249   2   0   0   0   0   0   0   0   1   809   0   0   0   83   1490   0   266   0   0   0   0   0   0   10   0   5   0   0   22   0   0   0   50   0   0   1605   0   0   4   2611   82   7   88   0   101   76   0   6   0   0   278   0   9917   683   3   0   0   196   0   92   194   0   0   334   657   7   0   92   428   12   0   0   0   0   1804   0   0   56   0   22   0   0   0   0   0   0   1153   0   0   7   0   25   0   0   0   0   20   
38   5   0   0   1   0   0   21   0   0   0   10   0   0   0   11   2   37   0   29   0   357   4   0   0   0   278   19   22   10   104   0   0   0   7   0   0   92   3   0   0   23   0   0   34   0   0   0   4496   0   0   0   150   0   40   0   0   6   0   0   5   912   0   0   0   66   29   1   0   0   0   1925   0   0   51   0   0   0   0   25   267   0   11   337   149   57   0   0   0   34   0   78   21   0   0   0   344   0   0   33   
0   0   56   0   0   42   2   26   187   0   0   120   3   2053   59   0   1   0   3   0   3   0   0   0   0   51   0   0   0   11   1   431   0   0   2   111   15   0   1   0   3647   0   0   0   0   5386   421   267   118   0   527   0   12   3   0   0   0   0   0   0   0   0   151   2291   35   109   0   13   0   0   2   207   0   0   690   0   0   0   0   0   0   140   3   0   0   218   24   11   138   0   0   0   6161   0   4   11   0   19   29   0   
0   0   1   0   0   88   53   0   0   0   1289   0   237   0   0   0   0   0   45   0   275   1   0   0   210   0   59   0   0   10   0   0   1   22   0   0   0   120   0   126   3   6   280   0   457   315   661   751   0   0   0   55   40   0   267   2   0   0   0   0   0   0   24   0   15   0   0   0   0   0   69   0   2454   12   664   28   297   28   0   40   0   0   0   93   0   29   85   173   0   8   0   80   0   0   0   384   0   0   111   0   
0   14   0   480   3   0   0   0   33   0   0   1225   0   0   0   0   1216   0   963   0   20   0   0   0   31   0   0   0   6   2   0   0   0   8   0   0   0   2436   146   0   38   36   0   0   0   0   70   0   0   0   0   3   34   0   0   0   0   0   5   0   0   1   0   0   297   0   7   0   42   0   0   0   0   5   0   0   332   0   0   7   477   15   0   0   477   0   0   0   1   319   0   0   23   19   71   0   0   1   0   43   
20   10   1   102   3504   102   0   80   0   0   192   25   1653   0   0   22   0   0   0   0   92   0   0   43   23   215   0   0   35   0   19   0   4   17   0   0   0   4702   1327   1925   0   0   67   6   321   2611   57   0   0   0   809   0   5386   176   1724   0   38   0   2   0   53   7   6   0   0   0   0   86   6   0   146   0   0   22   28   1   0   0   0   1380   0   237   0   46   0   0   59   89   0   0   0   2   8   0   18   0   303   0   8   1020   
0   1   0   0   0   0   0   0   683   0   0   0   22   0   0   807   0   0   0   69   23   0   0   1845   0   0   912   196   0   227   0   0   50   0   0   126   0   0   0   9   0   0   36   0   0   196   14   0   128   0   0   0   0   0   13   58   0   0   67   0   25   87   117   2   24   0   28   4355   0   0   0   29   0   0   6161   0   385   0   1   7   0   22   451   0   0   0   0   0   33   93   0   1   101   0   0   0   280   0   0   0   
0   0   0   4   0   22   0   0   1   2   0   0   56   171   0   5386   0   0   11   62   2   0   0   0   319   89   0   22   0   0   0   903   3   77   27   0   55   9   0   0   1   0   80   0   92   23   151   2   0   8   675   0   118   22   0   322   0   92   0   1624   0   0   0   0   0   0   33   1   0   0   0   0   0   0   0   66   0   3   0   0   12   23   63   1   0   0   199   281   0   4   39   59   0   42   0   0   0   8   0   3   
1   0   86   0   0   6   0   0   0   0   0   0   50   1   12   12   0   0   0   7   408   774   0   0   0   22   35   0   0   0   0   0   0   100   0   12   0   0   0   138   0   0   227   0   63   0   0   0   498   25   110   619   0   54   0   68   0   0   0   0   0   3   0   0   0   0   118   0   151   0   65   0   13   277   0   6   1244   0   50   0   0   3504   27   0   0   27   0   71   137   0   14   576   0   0   6   7   87   19   0   0   
0   0   8   0   11   0   0   0   0   1626   0   0   480   0   0   0   0   0   0   1   42   0   0   0   57   9   0   0   5   0   1624   0   235   0   0   50   0   0   63   1   0   17   0   0   0   0   0   52   53   7   37   0   0   0   4   0   8   0   0   0   236   0   0   0   0   25   117   0   0   19   0   89   6   0   172   49   0   0   0   29   0   2   18093   661   0   0   0   0   8   0   0   0   0   0   136   0   0   0   357   2   
0   0   291   2   0   0   0   5386   126   1327   60   0   0   1   547   0   0   185   3   63   0   0   36   0   11   10   144   6   40   490   358   0   0   0   2   0   40   1   0   21   0   0   128   20   2   2765   31   0   0   0   0   0   0   16   1   102   0   0   0   0   42   0   0   0   0   0   40   0   3371   0   0   0   8   0   1   0   0   33   91   0   41   114   408   0   0   281   22   1   6   33   0   126   0   0   0   0   35   5   120   0   
0   0   0   0   56   0   36   0   10   576   0   119   0   0   0   0   0   0   83   0   7   0   4496   0   14   64   0   171   0   0   3407   0   5   0   0   3097   876   76   1605   0   451   0   60   6   3   0   2756   0   1605   2   0   0   0   0   0   0   0   0   723   29   0   0   3051   1   0   21   0   0   0   13   0   0   0   6   0   0   1   563   110   0   66   0   28   0   2611   0   0   0   1925   21   0   2   0   0   4   2   0   1431   102   198   
0   9917   0   0   151   169   0   0   0   385   0   0   0   0   0   0   0   8   27   0   0   0   0   0   0   682   0   0   0   126   0   0   321   198   0   0   0   74   0   0   0   2   0   5   0   0   0   26   23   0   23   3   61   12   90   0   0   277   1804   0   17   451   0   0   0   0   5   52   30   751   0   4   83   12   0   7   14   0   0   1   88   1   59   2   0   1   0   0   39   0   6   0   0   21   1   0   0   0   0   13   
60   0   3371   13   0   0   0   9   0   0   96   764   10   0   3   124   451   0   0   0   0   146   0   568   334   0   0   0   28   0   21   32   0   0   0   0   4   0   2053   0   0   0   1142   0   0   14   0   1   0   0   1624   50   0   0   0   10   0   0   6   6   1925   0   502   0   202   0   0   0   2   0   199   0   0   0   2436   533   0   1   0   0   0   0   90   4   0   0   2436   0   2   0   0   0   0   0   29   11   0   30   0   17   
0   0   0   0   0   0   0   14   4   6   8571   119   0   0   2213   0   258   0   0   0   30   0   0   0   518   0   0   0   0   0   0   128   0   63   10   0   0   0   0   0   0   451   0   0   0   0   6   0   0   0   40   18   0   0   0   0   0   0   0   0   0   29   0   0   0   0   0   96   17   0   38   52   0   1   0   123   0   0   129   0   0   0   0   0   903   9   4   0   0   33   0   586   0   0   126   0   0   29   0   0   
1   4   0   5   4   451   0   2436   0   0   0   0   0   0   4   0   17   83   0   0   0   0   21   0   0   0   0   0   0   7   0   244   1   6   0   36   0   0   0   319   15   207   92   0   2   22   319   7   95   0   0   0   78   0   337   16   0   203   1   85   198   0   13   195   4   0   528   0   2705   0   0   0   585   0   147   1153   116   82   6   6   0   8   0   0   0   0   40   0   0   0   0   116   168   0   0   0   0   0   0   0   
24   0   0   0   0   59   0   0   88   0   0   0   0   46   80   0   22   25   0   15   0   0   0   1   0   0   0   490   0   0   0   0   2611   0   0   0   0   1   0   0   0   0   6   0   0   0   0   0   0   0   2   2   451   0   0   0   14   67   60   0   401   0   0   0   4   0   0   0   1804   0   10   0   0   0   0   46   337   0   0   0   33   83   19   0   28   4   0   0   60   478   0   5   1225   8571   0   0   1490   9243   116   24   
29   0   0   123   29   36   0   30   4   0   5   0   0   0   0   0   0   0   0   0   87   109   215   0   0   400   65   2454   2   0   0   428   0   0   0   0   1   0   0   0   0   22   0   303   140   4   0   162   126   235   1   0   428   0   0   244   0   0   2454   1038   0   311   0   3504   2   0   0   32   0   615   0   12   0   0   29   162   67   0   0   0   111   990   0   0   480   0   0   0   0   3   0   275   321   0   0   0   0   0   0   0   
291   29   0   0   0   0   0   0   153   0   1   0   0   1   2   0   0   67   183   0   0   0   0   0   221   0   0   585   0   0   0   129   0   0   0   0   0   0   0   664   0   1   4496   45   0   0   0   0   0   237   0   0   0   0   0   2   18   261   14   903   0   0   0   35   0   0   0   1   0   2619   0   0   0   0   236   9   36   13   0   49   451   0   1   776   0   0   10   451   33   0   3   0   0   0   95   0   0   0   0   51   
151   0   0   0   0   0   27   88   0   0   0   0   50   0   1   68   0   0   1   5   0   15   451   0   498   7   0   357   0   126   0   0   51   196   0   218   0   0   0   0   0   0   0   0   0   0   185   70   0   1   0   3   0   4   0   0   319   96   0   0   1   0   0   0   332   2053   9   11   0   0   0   0   576   0   0   241   0   0   421   20   0   19   1032   56   0   5   906   43   0   0   0   0   218   71   48   0   0   13   0   33   
465   23   183   0   0   10   0   0   0   80   282   29   121   0   169   56   146   0   187   16   3   0   0   0   0   39   0   0   0   67   82   4   0   5624   13   8   0   0   15   0   69   173   0   0   2   3   19   0   7   0   12   0   7   1   0   0   59   0   250   1   39   0   261   0   0   0   0   0   0   0   226   752   71   0   0   0   0   6   0   1   11   337   123   0   0   9   0   109   315   0   0   0   690   1   22   20   1514   60   0   0   
0   0   990   0   0   0   4   0   0   237   0   28   0   63   48   2   0   39   0   0   99   0   25   0   67   23   0   0   0   40   0   0   0   0   0   0   657   0   25   0   0   0   52   0   0   527   38   625   0   9   0   0   615   0   0   0   0   0   0   0   0   1   0   0   0   0   0   196   0   966   0   279   0   757   0   0   26   3   22   10   0   0   194   1289   0   23   0   690   33   0   0   0   0   83   0   0   31   0   4   0   
0   14   0   88   303   196   0   0   0   0   13   1724   0   0   0   57   19   11   0   0   0   0   0   0   0   0   51   0   0   6   0   0   11   0   0   0   187   0   0   2   1   28   0   1244   0   83   0   176   0   1   0   0   86   82   0   7   0   0   0   55   0   12   20   0   0   0   9   0   0   128   0   714   451   0   14   0   0   80   14   26   303   0   0   29   2   0   0   0   5   2   0   0   0   0   0   0   18   0   2213   757   
0   0   109   0   2291   0   0   0   10   86   8   0   47   0   1613   0   33   0   1883   0   0   0   10   0   0   0   0   0   0   0   0   11   0   33   6   176   0   0   0   0   0   0   113   0   14   0   332   0   0   38   0   0   8   173   0   0   88   0   0   0   16   0   0   13   401   24   227   657   0   12   3   11   0   0   0   0   0   0   60   7   0   451   0   527   1020   0   0   111   0   1   0   0   0   0   14   49   0   9   1   63   
93   0   137   152   0   0   0   611   7   101   0   7   1   0   0   188   0   106   0   987   0   0   68   0   0   0   0   0   0   0   0   0   0   0   89   93   0   15913   0   109   199   0   0   149   0   0   0   3407   0   131   0   533   2   16   235   7   8   91   0   0   30   0   2619   782   0   34   0   0   54   7   0   0   72   144   0   0   28   0   80   0   0   15026   0   0   0   0   0   377   0   2   203   1   6   696   8   1153   0   696   401   0   
21   143   50   0   0   22   0   0   1   0   0   0   0   0   5   570   126   0   0   0   172   0   0   40   1   0   9   0   0   0   9   8   196   0   92   90   171   0   0   0   85   92   0   576   1289   2   0   0   0   1   0   291   0   114   149   195   0   0   0   221   0   0   876   0   0   0   83   0   0   0   0   0   0   0   83   0   153   84   0   150   258   0   80   752   2   29   0   0   0   120   0   0   23   101   0   0   74   0   1   8   
0   0   54   0   0   30   87   0   0   0   0   69   0   0   0   118   0   563   0   0   0   8   96   39   3   0   0   80   0   0   0   0   0   0   0   6161   12   0   987   28   0   990   0   0   28   0   0   0   0   0   4   0   22   2   25   18093   0   751   0   152   0   0   0   0   33   37   0   60   723   0   0   0   0   57   0   0   103   990   0   0   0   0   55   0   0   0   0   134   0   1   0   115   1   0   10   0   0   0   0   0   
0   5   0   346   0   5   496   1   9   0   0   0   0   0   0   0   11   0   93   0   0   0   0   0   0   0   0   51   0   0   0   0   0   809   0   0   0   0   0   0   0   0   0   0   25   0   6   0   14   0   0   0   0   947   682   0   321   0   0   5   0   0   0   0   0   1   8   0   9   91   0   29   0   0   0   547   22   0   0   0   0   0   242   0   0   0   702   23   0   2   275   683   0   0   2   250   0   0   0   14   
0   0   32   0   8   0   0   41   0   0   13   0   0   153   502   0   0   0   0   52   71   0   53   126   80   193   0   0   696   947   0   237   0   0   0   22   3   76   0   0   0   13   0   0   166   14   0   51   0   0   0   0   0   0   0   0   357   2053   683   0   0   0   0   6   0   0   0   168   0   0   0   10   0   3   0   9   0   0   0   0   4   0   0   0   121   0   0   0   80   0   126   0   0   0   0   0   0   8   1   0   
0   0   5   12   0   0   6   0   8   1   0   0   0   0   24   0   32   12   25   0   0   3   83   0   0   21   0   28   29   77   0   0   0   0   0   42   24   2   57   0   0   56   23   128   102   0   0   0   196   0   0   0   0   16   0   0   10   0   0   0   11   76   17   1225   1   0   0   0   0   0   823   337   0   0   0   18   0   29   0   0   0   0   0   1   0   1   21   0   0   0   498   0   0   14   906   28   1038   51   1605   0   
0   313   0   0   36   0   92   0   0   37   496   12   0   0   11   966   0   38   0   0   0   0   0   0   0   76   0   0   0   0   18   6   0   0   86   0   90   0   5   33   29   382   130   0   29   0   0   774   104   0   3   25   0   0   221   0   0   0   261   690   5   0   0   0   56   0   0   0   431   0   2   0   0   0   250   1038   18   21   0   5   0   0   0   0   0   0   68   0   0   0   15   0   0   683   0   0   67   0   131   96   
2   0   0   0   0   0   6   0   0   0   0   0   37   0   5624   30   1431   0   0   0   1   0   18   0   0   4   0   123   0   1884   0   0   334   0   0   0   0   0   0   0   0   0   0   0   188   0   169   0   88   0   0   60   5   0   0   79   35   0   275   11   0   0   19   0   0   357   27   661   33   533   0   0   334   0   0   0   22   24   0   0   823   0   0   0   29   0   12   0   0   0   143   236   7   0   153   1119   0   0   0   0   
2   4   24   172   0   0   0   119   117   0   0   0   0   1431   0   82   0   59   906   188   0   0   0   88   40   29   0   0   0   21   4722   0   0   67   50   126   0   0   0   78   2   19   32   5   0   196   3   96   96   0   6   1094   9917   0   0   0   0   0   0   12481   315   19   0   0   0   0   0   27   0   0   0   451   0   1883   0   5   0   0   0   23   0   0   25   0   50   39   49   129   0   0   1603   0   0   563   7   512   332   22   10   31   
0   377   237   0   465   0   51   0   0   0   0   4   120   57   0   0   0   0   89   0   33   3   42   208   59   0   0   0   0   0   0   0   0   0   0   51   7   0   1   1   6   0   2   0   0   11   0   4   71   0   446   0   19   0   0   0   0   4   0   32   807   0   0   95   625   0   438   193   0   1   17   1431   0   0   0   0   11   0   80   0   71   8   0   63   280   0   0   6   0   11   4   0   0   0   2   176   1   3   4496   0   
0   2   465   35   43   0   0   0   16   0   13   0   1   0   23   0   199   0   0   90   0   0   109   0   0   0   0   15   1   2   39   713   0   49   0   7   0   0   0   14   235   29   197   478   29   59   0   0   0   121   0   0   1   0   2053   80   0   35   3504   3   0   0   4   0   34   0   0   0   0   175   3   0   3   0   0   0   192   202   267   42   0   0   2   0   12   0   237   92   0   0   55   70   2050   0   0   21   0   0   3   0   
0   0   0   94   0   0   0   17   3   4   110   19   1327   0   2   0   0   0   0   94   277   0   9917   0   29   0   0   0   130   384   0   34   2   0   0   0   8   0   0   0   0   0   0   22   0   690   683   0   0   0   0   0   31   0   175   0   0   0   44   0   0   0   0   0   0   0   0   90   0   0   0   1   22   20   11   0   25   34   0   0   657   71   0   151   0   0   39   46   1   146   0   502   1   0   0   166   0   0   27   0   
143   0   0   6   2   0   321   22   1094   85   0   0   140   89   0   0   4722   238   60   0   0   45   0   22   26   47   24   0   0   21   0   31   0   3139   48   0   438   903   0   71   111   0   149   0   0   0   0   4   0   36   173   3   0   0   19   0   0   0   0   151   169   1605   0   0   33   0   0   55   0   87   0   22   657   0   0   36   0   0   82   0   6   215   0   1   146   0   0   0   0   0   0   275   0   0   0   0   0   0   0   0   
29   56   0   0   0   0   0   0   0   0   332   0   33   1724   0   31   12   0   0   0   0   344   150   0   4   0   4496   0   25   29   36   0   0   0   0   0   0   2611   40   12   0   0   53   0   0   79   0   0   0   0   0   1   0   18   0   0   0   1613   0   0   6   1094   0   0   0   87   20   0   0   0   2291   1   458   0   153   0   25   563   31   0   31   0   1653   0   39   990   92   0   0   0   0   0   0   0   490   12   0   4   4   0   
30   0   0   56   2   33   67   1244   78   0   1   18   0   0   0   11   291   0   446   0   0   0   2291   14   0   0   0   0   0   0   0   34   0   1244   0   303   0   0   0   0   0   0   31   0   0   0   18   0   0   10   0   0   0   426   2   0   3   40   0   0   0   0   0   10   0   2291   0   13   14   533   0   0   315   0   0   0   22   0   0   1   0   0   4   0   0   1020   0   1653   823   0   0   117   0   0   2   87   10   0   14   0   
334   0   0   0   0   0   17   1613   0   29   162   89   0   0   37   5   57   10   0   0   0   3   2291   195   776   33   50   293   33   0   0   0   150   0   0   1020   0   0   63   0   0   0   0   0   0   0   0   0   6   280   0   0   755   0   0   266   0   153   2   12   0   0   0   0   35   13   906   0   0   0   0   12   275   1   1380   0   0   282   1805   1   2050   130   0   29   0   0   0   2   9   0   139   0   50   1   67   0   0   0   0   0   
0   0   2053   29   0   0   0   0   0   18   0   46   0   5   0   0   3   0   35   3   171   0   661   86   1   0   30   0   400   4722   0   0   57   12   0   0   0   0   0   11   0   15   0   5   102   0   1   237   0   53   8   6   4   55   0   0   0   0   0   1   0   0   0   0   0   0   0   0   0   193   0   275   0   0   966   0   0   40   0   382   0   0   151   15913   0   0   0   0   0   275   24   1925   0   0   5   3   0   0   0   2   
176   0   0   0   38   0   0   33   0   0   0   0   0   0   0   0   0   0   0   9243   0   3   3   42   0   0   0   23   39   0   0   0   0   101   0   0   94   0   0   0   19   128   66   0   8   0   3   0   0   0   1   136   0   0   0   0   67   151   42   0   0   0   2   0   0   8   0   230   690   0   0   0   0   18   0   0   0   0   23   1431   118   56   0   0   0   0   0   6   0   0   0   0   0   0   1805   2   0   8   0   35   
1613   490   119   365   139   0   0   0   0   0   0   209   140   0   0   0   0   0   0   187   33   337   0   0   0   365   129   28   0   0   0   0   0   36   126   215   0   0   0   0   10   67   0   17   67   0   0   0   0   226   0   23   0   0   0   20   0   0   0   0   128   690   0   0   0   1   0   0   0   0   0   0   823   120   0   0   121   9917   0   90   3   0   0   0   14   0   752   0   0   0   0   0   0   0   3   4   0   126   0   0   
0   0   0   0   0   0   0   63   0   2   0   0   36   0   0   10   0   42   0   0   2   30   12   89   39   4   0   28   39   0   0   57   0   5386   6   0   16   0   2   0   0   31   0   0   0   57   267   40   0   0   0   3504   0   1   0   121   0   0   0   0   0   0   696   2   4   0   0   237   0   0   52   0   0   375   0   8   0   382   0   0   353   79   401   0   0   0   126   0   0   0   431   0   1805   0   505   0   0   365   0   0   
0   150   33   1   0   0   218   0   74   0   0   0   0   0   0   0   121   33   0   0   1613   266   123   0   130   169   303   0   18   0   6   0   0   35   36   0   0   0   93   0   18   42   0   30   0   0   3   25   0   0   36   0   0   30   0   15   1   32   0   0   321   0   0   0   0   0   0   96   15   0   0   0   0   0   0   0   80   0   809   0   0   8   0   0   0   0   0   0   809   14   3   0   111   118   321   0   0   0   408   0   
0   0   0   43   250   0   193   0   585   0   3   799   13   64   696   1148   0   0   0   0   1   0   0   44   0   67   0   0   91   0   32   99   85   0   16   0   987   0   29   5   0   0   0   22   0   782   0   4   0   50   0   71   0   24   457   0   108   0   83   0   0   0   1605   533   0   0   0   0   42   0   0   0   88   26   0   0   0   0   0   1490   89   0   26   0   0   0   2   14   4   38   496   2050   1   0   0   0   111   0   4   0   
6   0   1   6   8   38   43   3   0   4   751   39   0   0   1624   401   150   9   0   2   0   0   332   0   0   1845   0   109   0   0   133   0   0   0   0   0   0   0   25   0   313   0   4   0   4   4   0   0   0   172   2   39   36   0   0   0   4   17   0   0   0   0   0   83   615   1478   90   0   0   0   22   121   0   0   10   547   5   0   198   0   0   0   5624   0   0   0   215   0   0   0   0   0   0   35   0   87   0   421   4   221   
0   83   0   0   0   19   0   0   0   0   0   0   0   1289   38   757   0   16   0   35   150   0   0   0   74   13   0   3   0   0   498   0   344   168   0   0   1   0   0   0   3   0   0   137   0   94   27   10   0   0   0   319   0   0   168   0   0   7   7   408   0   2   1119   0   0   92   0   0   32   0   33   0   0   0   0   14   0   29   0   0   0   0   0   0   0   0   1   0   4   619   0   0   111   199   0   0   0   121   0   6   
0   0   0   0   456   0   0   5   0   0   194   0   3   0   21   0   0   0   0   0   71   0   126   0   0   0   0   2050   3504   33   3   140   0   0   0   0   0   0   0   0   0   63   118   10   0   0   261   79   67   0   0   14   4   1   0   478   4   10   1   0   101   226   0   0   0   0   0   0   95   0   0   547   0   0   30   0   21   0   0   0   130   0   0   0   0   0   0   193   0   3   0   0   2   3407   0   0   4   0   451   1804   
1038   0   0   20   366   421   0   0   0   0   36   2   173   40   0   0   1   215   7   0   27   0   0   0   6   42   0   0   0   0   0   9   3   0   0   3   6   0   498   0   0   0   0   79   0   0   809   30   0   365   0   0   0   0   0   37   0   903   0   0   10   0   27   0   782   0   0   2   32   42   25   0   0   0   8   0   0   0   130   40   0   0   79   0   71   12481   28   311   1431   0   60   0   9   23   2   0   0   0   0   0   
456   0   0   0   7   0   0   533   0   33   0   17   0   0   0   0   0   3   187   96   0   0   11   683   0   11   111   80   0   1038   0   1431   713   17   0   32   0   0   155   0   0   4   0   0   71   11   9243   0   0   45   0   0   0   5   498   0   22   0   120   0   43   13   1   5624   29   1   2   0   4   9   67   0   0   11   4702   47   0   1   0   13   0   0   38   82   17   576   47   1   0   3   3   0   0   0   19   0   0   0   279   0   
16   0   0   774   0   0   0   0   451   0   37   0   990   0   0   50   0   0   0   0   35   176   2   4   0   149   1514   215   37   21   0   26   0   6   121   0   0   1   0   55   0   20   25   0   0   0   13   67   0   0   0   21   0   0   12   0   18   0   0   8   74   0   115   0   5   0   0   533   0   0   12   0   0   0   0   0   0   42   0   218   0   0   0   0   0   0   79   11   1   0   1   0   0   6161   0   0   11   24   0   683   
51   0   0   0   0   0   63   0   1094   5   0   67   10   6   0   906   29   0   0   0   0   0   0   26   0   0   67   0   61   20   25   35   0   0   0   0   0   11   0   0   92   0   0   0   9   0   0   0   0   505   0   0   0   0   400   0   0   0   11   22   0   250   0   82   8571   0   0   0   0   132   244   2611   33   0   0   0   0   313   241   67   0   199   807   0   0   0   121   1514   91   0   324   29   0   82   129   0   75   111   0   322   
4   0   0   0   0   7   0   195   505   0   683   505   0   249   0   16   14   12   0   0   512   50   47   0   0   0   0   0   1380   0   0   0   0   19   147   3   27   0   0   0   0   120   0   53   0   0   358   50   0   27   34   0   0   1925   0   0   0   0   43   0   0   61   2291   963   0   124   334   0   313   80   0   33   14   0   0   0   4496   0   0   6   6   13   438   12   0   0   2050   22   1038   0   169   0   0   0   278   0   0   34   0   15   
30   11   210   21   0   0   0   0   34   0   0   7   0   0   1   2   0   30   0   0   0   0   0   0   0   0   249   0   0   0   0   9   0   60   451   375   5   751   0   0   129   3   755   0   23   987   0   0   0   0   24   7   0   990   63   6   303   0   0   346   0   0   60   1   0   2   183   0   0   46   0   0   68   43   0   0   0   0   126   682   242   0   108   2454   0   465   0   0   0   0   0   0   0   0   2705   0   0   0   3   0   
0   0   0   31   0   0   0   358   0   126   0   10   0   0   69   2   496   452   0   36   2454   30   237   48   1327   4   0   12   0   0   226   23   0   428   108   0   67   0   249   365   0   321   0   0   755   15   7   103   3   0   196   0   175   0   99   0   2705   0   105   0   25   751   0   275   92   337   0   57   0   79   0   533   0   41   0   0   0   0   0   297   8   0   3139   21   21   502   91   0   129   0   0   0   0   18   43   0   0   0   39   0   
0   146   518   293   0   0   52   2053   0   14   0   0   0   0   1   0   56   50   42   79   5624   6   0   0   0   13   114   267   0   0   332   126   375   0   4   0   0   0   0   22   28   29   0   87   80   0   682   277   1289   332   0   0   683   0   0   0   346   38   0   0   0   0   0   0   23   0   0   6   1   2   3   0   428   0   0   0   0   365   0   0   757   0   110   0   0   149   0   0   0   757   0   0   0   1431   0   1244   0   126   0   0   
0   63   0   0   0   128   683   10   36   0   0   0   99   0   0   0   0   35   175   0   0   50   0   0   20   0   90   2   13   0   0   4   0   0   313   0   102   0   0   22   0   714   169   9917   518   88   0   126   0   0   1514   0   527   2   0   31   25   0   0   0   0   0   0   0   0   0   0   0   18093   0   0   3   250   22   0   0   0   0   3   0   14   0   0   6   0   682   0   0   6   197   512   2291   876   17   0   0   0   0   0   0   
218   0   0   226   0   0   0   1603   0   876   203   103   0   14   0   0   619   12   0   0   0   5   0   1148   0   82   0   0   147   35   0   0   221   0   78   19   1603   0   0   3   0   80   77   1   0   0   0   0   0   0   0   0   137   0   0   0   6   0   0   26   115   85   0   195   0   0   0   0   1   0   0   0   0   258   0   0   93   81   16   0   0   0   0   29   94   0   0   113   0   431   0   4355   0   0   385   175   0   86   0   1   
0   0   0   0   0   0   244   0   149   13   2053   0   0   0   63   0   115   0   0   0   7   0   0   140   0   0   0   0   83   0   67   0   8   1   102   0   0   9   0   0   0   76   0   155   0   0   8   0   111   452   2   0   0   0   4   1431   39   9917   3   0   0   0   0   714   0   0   0   0   0   0   1804   0   0   6   0   0   92   33   8   0   0   0   151   0   1805   0   22   0   2053   0   81   35   0   7   0   0   0   0   0   0   
1   0   63   0   0   1380   146   237   2454   49   0   0   43   162   0   5   0   0   0   0   0   0   1   0   1   0   5   2   0   27   9   0   0   221   0   0   0   0   12   35   38   33   0   532   438   85   0   0   0   0   94   29   0   0   0   966   1   68   40   0   966   0   0   0   0   0   59   0   8   0   0   0   155   0   0   1   35   0   0   0   50   0   0   10   0   0   0   0   0   0   0   0   0   10   14   0   0   0   24   30   
29   5   0   0   16   0   0   755   0   241   25   0   0   0   0   625   0   0   20   58   13   67   0   0   0   664   0   0   0   0   0   0   0   6   0   28   14   0   13   0   38   16   0   0   0   109   6   114   149   0   4   28   7   0   171   4   0   683   111   0   714   293   690   0   0   0   126   51   132   0   5   0   0   0   0   0   0   0   0   0   0   0   80   0   36   250   22   0   0   8   27   0   195   16   0   0   0   6161   38   50   
64   0   0   0   1805   0   0   0   0   8   0   1431   0   0   11   0   0   0   0   6   0   0   0   6   0   78   36   196   0   29   50   0   23   0   0   0   0   7   4355   0   6   22   0   38   169   51   0   0   13   31   4702   0   0   0   0   9   0   0   0   14   0   35   0   0   11   18   121   0   287   107   67   0   0   0   0   151   3051   18   32   1020   0   15   0   0   0   0   0   385   0   0   8   197   188   0   0   3   1   0   79   12481   
452   0   0   0   124   657   0   0   4   0   35   0   3   0   0   28   235   0   0   0   11   2   0   3   0   14   0   0   30   1   275   0   0   0   0   0   0   0   0   10   0   11   6   1020   0   0   0   34   22   215   0   0   0   0   0   0   119   966   9243   4   0   1   0   0   0   0   0   0   94   0   0   6229   0   107   0   0   518   0   1   0   0   0   0   12   809   0   0   0   107   133   28   35   1   11   0   0   0   690   14   0   
0   87   102   126   0   0   5   12   172   0   9243   218   31   0   31   0   3   0   0   92   0   0   22   0   25   0   0   0   3   0   21   0   0   0   63   277   0   29   0   1724   0   0   111   0   0   92   0   3   9   128   0   83   0   0   0   176   0   0   14   22   0   0   46   23   987   876   7   0   0   0   3   147   0   198   0   346   143   1   683   0   7   28   0   0   0   0   0   0   0   0   42   0   0   106   0   774   0   0   0   532   
92   0   0   456   0   67   20   0   0   282   5   0   0   0   0   2   0   194   0   0   0   0   0   3   2   0   0   0   0   164   0   0   696   95   50   585   0   2   0   1431   0   109   0   275   0   0   2   3   2   60   0   0   0   0   0   23   67   5   0   0   14   0   0   0   96   0   33   48   92   0   1   2611   0   0   8   1   0   0   0   0   2756   0   21   0   0   29   0   0   576   0   0   0   0   0   166   81   0   382   0   38   
0   0   0   2053   13   0   0   0   563   0   0   50   0   0   0   0   0   0   150   0   0   0   19   0   9243   0   0   0   0   5624   0   0   0   0   2436   121   0   5   0   0   0   0   0   0   50   1   0   0   166   0   0   297   0   4   99   0   16   375   0   164   2619   1925   0   0   400   0   0   0   0   774   0   0   0   401   0   0   0   0   0   42   25   25   71   0   82   0   0   9   0   14   12   132   12   89   188   0   1   0   0   0   
0   0   0   1112   683   0   0   93   0   0   0   0   303   0   5   1   9   0   40   0   0   24   0   22   353   0   28   0   0   185   8   0   755   0   0   78   0   0   0   0   0   0   113   12   0   82   0   33   29   527   0   0   4355   990   0   0   0   324   696   0   0   0   0   4   0   0   297   0   0   21   0   1   0   83   0   21   0   0   37   0   12   0   2213   0   0   63   0   0   0   0   19   0   0   30   0   0   0   0   194   30   
0   0   0   293   0   116   7   8   0   0   431   0   533   0   198   67   11   47   0   0   0   10   199   0   71   35   0   0   0   0   1   6   0   215   0   0   0   101   0   0   0   799   35   1   0   0   195   199   0   42   6   0   0   0   0   0   0   0   29   0   15   0   61   151   0   0   0   0   126   0   0   0   281   0   4   0   3097   0   0   0   25   0   120   46   0   0   0   0   0   0   0   438   0   0   227   0   2   140   29   5   
32   2   0   5   0   12   0   0   28   0   0   249   22   0   10   197   0   50   0   0   0   1514   4   0   138   0   6   0   0   0   0   0   105   1153   25   0   0   38   0   0   0   0   532   518   0   3   0   69   28   0   57   0   0   0   0   0   456   0   67   4   0   315   16   0   238   198   0   0   0   52   0   0   0   615   0   0   0   19   0   198   17   3   0   0   0   111   28   14   0   70   375   0   807   0   0   0   0   22   0   0   
0   2   0   0   0   0   0   0   0   0   0   0   198   0   0   0   0   0   365   0   0   3   65   9   0   0   140   153   0   0   92   0   0   101   3   0   1   0   0   10   27   0   67   22   0   0   0   0   0   0   0   0   18   0   4   0   0   1603   0   0   0   0   0   0   0   0   0   0   88   6   426   9   0   690   0   60   426   267   0   0   0   702   0   10   0   2619   1   0   281   218   0   0   0   72   169   80   0   2756   3   0   
0   21   0   1094   0   0   22   34   21   1   0   0   0   120   49   8   451   0   153   0   0   0   0   0   63   2   0   0   0   0   0   30   0   0   0   0   0   408   38   95   5   319   0   0   99   0   0   0   50   1119   0   267   0   20   0   28   275   0   0   0   0   0   10   0   0   1225   0   207   0   0   1605   1603   9   10   0   0   0   2   0   8   0   0   0   244   0   0   0   0   0   0   36   0   0   0   92   130   0   0   0   221   
0   0   0   0   0   477   0   1605   0   8   0   31   0   0   8   12   121   0   0   199   33   0   171   0   0   0   0   22   0   0   0   0   0   10   0   0   576   89   477   0   0   25   0   0   6161   0   20   0   2   0   0   4   0   0   0   0   8   92   20   0   90   4   94   277   2454   30   5   0   8   0   0   0   7   0   0   0   0   0   0   0   87   0   1   0   0   0   0   0   0   8   0   611   3647   8   0   0   55   175   37   0   
0   0   319   0   0   0   987   8   0   17   0   0   12481   1605   0   1   0   18093   0   117   107   0   0   13   0   6   0   104   63   682   57   275   0   198   0   130   0   188   2   2   10   532   0   32   17   14   0   0   0   0   0   78   22   0   153   0   0   0   0   0   0   4   242   0   0   126   60   0   0   0   1244   0   0   28   22   4355   498   0   0   0   0   0   0   0   0   215   0   0   1   0   0   8   0   0   14   0   187   0   0   31   
1   1   0   0   150   104   0   1   0   0   0   0   0   0   0   0   0   0   0   3   3   315   261   0   0   876   0   0   0   563   0   0   0   100   0   0   0   0   0   0   0   153   244   40   0   0   0   241   65   22   244   0   0   0   128   22   18   0   0   82   5   0   130   10   0   278   1216   0   0   0   0   0   0   13   0   29   0   0   5   83   0   0   0   5   176   10   0   25   130   66   3   0   0   195   0   0   0   1   0   36   
0   0   59   0   0   0   0   0   0   0   0   26   0   0   0   146   764   0   0   0   0   22   3   0   0   209   0   0   61   123   0   0   0   0   7   0   0   34   0   8   0   0   0   155   774   88   0   0   42   67   3   966   0   146   1112   0   496   0   126   0   1613   0   0   23   1653   0   74   2611   0   207   0   69   0   8   0   42   86   321   0   0   0   0   0   0   0   0   0   0   1   188   0   0   0   0   0   0   28   0   0   0   
275   5   22   0   0   3   0   0   438   426   0   36   7   0   0   0   0   0   99   2   32   0   0   1   0   29   0   0   238   0   0   0   477   0   0   0   237   0   0   183   0   64   0   194   0   0   0   0   0   40   0   0   0   0   30   0   36   210   0   0   0   140   7   0   5   22   0   221   2   0   0   24   0   0   0   2   0   1   1   6   33   29   0   0   0   0   0   66   0   36   611   0   215   250   0   0   0   0   0   0   
1   81   0   0   0   0   1   0   0   0   0   0   60   334   17   0   0   2   85   5386   13   10   0   59   0   12   657   108   0   0   0   0   6   140   0   0   0   4   0   0   452   611   9   8   3   0   1   29   0   0   0   0   0   428   0   0   0   0   0   3   0   0   0   0   723   0   6   8   119   0   0   0   0   0   0   0   8   1216   71   68   3   8   4355   0   0   9   0   0   0   0   0   0   0   0   1225   0   0   0   0   0   
