120
0   14   0   0   0   0   0   0   0   0   0   0   11   0   0   0   0   6   0   0   0   0   0   0   0   26   71   0   0   0   0   0   0   0   0   48   0   0   0   0   0   0   0   0   0   0   0   0   0   0   22   0   212   0   0   0   0   5   0   0   0   0   0   0   0   0   0   0   0   0   0   1   866   0   0   0   28   0   3   0   0   0   0   0   64   0   0   13   0   0   0   4   5   0   0   0   0   0   0   0   4   0   2   0   0   0   0   0   11   303   6   0   0   0   2   0   0   0   0   0   
0   0   0   0   0   0   0   3   0   0   0   0   0   0   0   313   10   0   6   0   0   0   0   54   0   0   0   0   0   0   0   0   0   0   0   0   0   0   0   0   22   0   0   0   0   0   0   10   0   0   0   0   0   0   0   0   0   0   0   0   0   0   0   0   0   0   0   104   0   0   0   0   45   0   0   0   0   0   0   0   6   0   0   0   0   0   0   0   0   0   0   0   0   0   86   0   0   0   0   0   0   0   0   0   2   0   0   0   734   0   0   0   0   0   0   0   0   0   482   0   
121   0   0   3   0   0   0   0   0   30   0   0   0   0   0   0   0   0   83   0   0   0   3   14   0   0   0   0   0   0   0   229   0   0   0   0   0   0   17   0   0   0   0   0   0   0   0   0   0   0   1   0   0   0   0   0   0   0   0   0   0   0   0   48   0   0   0   0   0   0   0   0   27   0   0   0   0   0   0   0   97   0   0   0   11   0   0   0   5   0   0   0   0   0   0   0   0   0   0   0   0   2   0   0   0   0   0   0   0   0   18   0   6   0   80   0   0   0   0   0   
0   0   0   0   0   0   0   0   35   0   0   0   0   0   86   0   0   0   0   0   0   0   296   0   0   0   0   0   0   0   91   0   0   170   0   0   0   0   0   4   2   30   0   3   0   9   0   0   27   0   0   116   0   0   0   0   0   0   0   0   0   18   0   6   96   0   13   0   296   0   0   0   0   0   0   0   0   0   0   0   0   86   0   0   0   0   0   0   0   0   0   313   0   0   0   0   0   0   0   0   0   0   0   0   0   0   32   0   0   0   0   0   0   0   17   0   0   0   0   17   
170   0   1   0   0   0   0   0   0   0   0   0   3   0   0   0   0   0   0   0   0   0   49   734   0   0   21   0   13   12   0   19   0   0   0   0   0   0   3   0   0   0   0   0   0   0   0   0   28   0   0   0   4   0   0   0   86   0   0   0   0   0   0   0   4   0   0   0   0   20   0   0   0   0   0   0   0   0   0   0   1   0   0   0   4   3   0   0   0   0   17   0   0   0   0   0   0   0   17   0   0   0   41   0   0   1   0   0   0   0   0   12   0   0   0   0   0   0   9   0   
0   0   0   0   0   0   0   0   0   0   0   0   0   0   10   0   0   645   0   0   0   5   0   0   0   0   21   0   0   0   0   0   0   86   32   0   0   0   0   0   0   0   0   0   0   0   0   0   0   0   212   0   0   0   4   0   0   25   1   303   0   0   0   0   0   123   0   0   2   0   229   0   0   0   2   0   0   0   0   0   0   0   0   0   0   0   0   212   0   0   0   25   0   0   0   0   0   0   118   0   0   0   0   0   0   0   0   0   0   0   0   0   0   0   2   0   25   0   0   25   
0   1284   0   0   0   0   0   0   0   0   0   0   0   0   2   0   6   0   0   0   0   0   136   0   0   2   0   0   0   0   0   0   0   0   0   0   2   0   0   0   0   0   65   0   0   2   0   0   4   0   0   0   86   0   0   0   0   0   0   0   0   22   0   11   7   0   0   91   0   0   0   3   1   5   0   303   0   0   0   0   0   0   10   0   0   0   0   0   0   0   0   0   0   0   0   0   10   0   0   101   0   0   0   0   0   0   0   0   0   3   0   0   0   4   18   0   0   18   0   0   
0   0   2   178   0   45   3   0   9   4   0   0   0   0   2   0   0   0   0   0   0   0   0   0   0   0   0   0   0   0   0   0   0   0   0   0   101   0   0   0   478   19   12   2   0   4   0   0   0   0   0   0   0   0   0   0   0   0   0   0   123   1   0   0   0   0   0   0   0   0   0   0   0   0   0   0   0   0   2   0   2   0   0   0   0   0   0   0   0   0   0   0   0   0   0   0   0   0   0   0   0   10   0   10   0   0   0   0   0   2   0   0   0   0   0   0   0   0   0   0   
0   0   18   0   33   0   0   0   0   0   12   0   0   0   0   0   13   0   0   0   0   7   0   303   0   0   0   0   0   0   0   0   1   3   1   0   36   31   0   0   0   83   0   0   0   0   0   3   0   178   0   0   0   0   0   0   0   0   0   0   0   142   0   0   0   100   0   0   0   0   7   0   96   9   0   27   0   0   0   17   0   12   0   0   0   0   0   0   40   0   0   0   0   0   0   0   0   0   0   0   0   0   0   0   0   0   85   0   0   0   0   0   0   0   0   0   0   0   0   0   
0   0   0   0   0   25   0   0   0   0   100   0   11   0   0   18   0   0   0   0   11   0   39   0   0   11   9   0   0   0   0   0   0   0   0   0   0   40   0   0   0   0   0   0   0   0   71   27   0   25   0   0   0   0   11   0   0   0   0   0   0   0   0   0   0   0   0   0   0   0   0   0   78   0   0   0   0   13   0   0   0   0   0   0   0   0   0   37   1   0   0   0   0   0   0   0   0   0   0   0   0   0   0   0   0   0   0   0   40   12   0   0   0   0   0   2   0   0   4   0   
0   0   0   0   0   0   0   0   0   0   0   0   0   0   0   0   0   0   0   0   0   0   0   0   0   0   0   0   0   0   0   0   0   0   0   0   0   0   0   4   0   0   899   0   0   0   0   0   0   0   0   35   0   0   0   0   0   0   0   18   0   0   0   0   0   0   0   0   0   0   0   0   0   0   0   12   75   0   0   0   0   0   0   0   0   0   0   0   0   0   1   19   0   0   0   0   0   0   0   0   0   0   0   0   0   0   0   0   0   19   0   57   0   0   0   0   0   0   0   0   
0   18   3   0   1   0   0   37   4   65   3   0   0   0   10   0   0   0   4   0   10   0   0   0   0   0   0   4   0   0   0   0   3   0   0   0   0   0   2   0   0   0   116   30   0   0   0   0   0   0   0   0   0   0   0   0   0   0   16   0   0   0   0   0   14   0   41   0   229   0   0   0   0   0   0   11   0   0   0   0   18   0   0   2   0   0   0   9   0   8   0   0   0   18   0   0   0   0   0   0   0   0   0   0   7   4   0   0   0   0   0   0   100   2   0   0   0   16   2   0   
0   7   24   21   0   0   0   0   0   0   0   0   0   0   0   0   0   24   0   0   0   0   2422   0   0   0   0   0   0   0   0   0   0   0   0   4   0   0   0   866   0   0   0   0   0   65   0   86   0   4   0   0   0   0   0   2   0   4   0   0   0   21   11   15   21   0   0   0   0   3   0   0   0   49   0   0   39   0   18   0   0   0   0   21   0   0   0   0   0   8   0   8   0   0   0   0   0   0   0   0   0   0   4   7   2   0   8   0   0   0   0   0   25   7   0   0   0   0   0   2   
0   0   0   0   0   64   295   0   0   0   0   0   0   0   0   0   0   0   0   0   0   0   0   0   0   0   0   0   0   2   0   0   0   0   0   0   13   0   0   866   0   0   0   4   0   39   0   33   0   0   0   0   0   0   80   0   0   0   0   295   0   0   0   0   0   0   0   0   0   91   0   645   0   0   0   0   0   0   0   0   0   7   0   0   0   2   25   0   0   0   0   0   0   0   0   91   0   0   0   0   14   0   18   0   9   0   0   0   22   0   0   0   1284   17   0   0   0   0   0   113   
0   0   3   0   0   0   0   0   0   0   0   0   0   0   0   0   0   0   0   4   0   0   0   0   0   0   0   0   0   0   0   0   18   0   17   0   0   0   0   11   36   0   0   0   0   0   1   0   0   8   0   0   63   0   0   0   0   0   0   0   7   0   0   0   38   24   0   1113   0   0   0   0   0   0   0   2   21   0   0   0   0   0   11   0   0   36   0   0   0   0   0   0   0   0   0   0   0   0   11   0   0   0   0   0   0   0   0   0   0   866   0   0   0   0   0   0   0   14   0   0   
0   0   0   0   0   0   0   22   0   0   0   0   0   0   0   0   0   17   0   0   0   0   223   0   0   0   1   5   0   0   0   0   0   0   0   0   0   0   0   0   40   0   101   0   1   0   0   0   0   0   0   0   0   0   0   0   0   70   0   0   0   0   136   0   0   0   0   0   0   0   0   0   0   0   0   0   12   0   0   0   0   0   0   0   0   0   0   0   0   0   0   0   17   0   11   0   0   0   0   19   0   212   0   0   0   0   0   0   0   0   0   0   0   0   0   0   0   0   0   1   
0   0   0   0   0   0   0   0   0   0   71   0   0   0   118   0   0   0   0   0   0   0   0   0   0   0   0   0   0   0   0   0   0   0   0   0   104   0   4   0   0   64   0   0   0   0   0   0   0   0   0   41   0   0   0   0   17   8   0   0   0   33   0   0   0   0   0   0   0   7   0   0   0   0   0   2   0   0   0   0   0   0   0   0   0   0   0   0   0   0   0   0   0   0   38   0   121   0   0   0   0   17   0   0   0   0   0   0   0   0   0   0   32   0   0   0   0   0   0   0   
0   27   14   0   14   0   48   0   0   0   0   0   0   71   1113   0   1113   0   0   0   0   0   85   0   0   0   0   0   0   0   0   0   0   0   0   0   0   0   0   0   0   1   0   12   78   0   1284   0   0   0   588   0   0   0   0   0   0   0   0   0   0   0   0   0   0   14   0   0   0   0   0   0   0   0   0   0   313   1   0   0   0   0   0   0   0   0   13   108   0   0   0   0   0   0   0   4   18   2   0   0   0   1   0   40   1   0   0   0   0   0   0   0   0   0   0   0   0   0   21   0   
0   0   0   0   0   0   0   0   0   0   0   0   866   0   0   0   0   0   0   0   0   37   35   0   0   0   8   0   0   0   4534   33   0   6   223   0   0   0   645   0   0   0   36   1   0   0   0   0   0   6   0   0   8   0   0   0   0   0   0   0   0   0   0   1   8   0   0   11   0   0   0   13   0   0   0   0   0   0   0   0   0   7   0   0   3   0   0   49   13   9   0   0   0   0   0   26   0   0   0   0   0   0   0   0   0   8   0   14   0   0   0   0   0   0   0   0   0   8   0   15   
0   0   0   0   0   0   0   0   0   0   0   0   0   8   0   0   0   113   2422   0   0   0   1   0   0   0   0   0   36   146   0   41   0   0   55   0   0   0   0   0   0   0   0   0   0   71   0   0   0   0   0   0   0   0   11   8   0   0   0   0   0   0   2   0   0   3   0   16   0   0   0   0   0   10   0   6   0   0   0   0   69   0   0   0   0   0   0   7   0   0   0   39   0   0   0   0   0   0   0   0   9   0   1   4   0   0   0   0   0   0   6   0   0   0   0   0   0   0   0   0   
0   0   0   86   303   33   0   0   0   0   0   0   0   0   0   0   61   4   0   0   0   0   0   0   0   0   0   36   0   0   0   0   0   0   5   0   0   1372   21   0   0   0   0   0   0   0   11   7   0   17   0   0   0   0   0   0   0   0   0   0   17   30   0   0   2102   17   0   0   0   0   0   0   0   0   0   3   0   0   0   0   7   0   0   0   0   0   0   0   0   0   0   14   0   0   0   0   0   4   0   0   0   0   0   0   0   49   0   0   0   0   39   0   14   0   0   0   54   0   0   0   
3   0   0   0   0   0   0   0   0   0   0   0   85   0   0   0   0   0   0   0   0   0   0   0   0   0   0   12   8   0   0   33   0   0   0   0   0   1   0   0   0   0   0   9   0   0   0   0   0   0   0   0   0   9   0   0   0   0   0   0   0   0   0   0   0   0   1   0   0   0   0   0   0   0   0   0   0   0   9   0   0   0   0   0   0   0   0   0   0   0   0   0   0   26   7   0   0   0   0   0   0   0   0   0   40   21   0   0   0   0   0   0   0   0   0   0   0   0   0   0   
0   0   223   0   0   0   0   0   0   38   0   0   0   0   11   0   0   0   0   13   0   0   0   0   0   0   0   0   0   1   0   0   0   0   0   0   0   0   0   6   91   0   0   0   12   68   0   0   25   0   0   0   80   0   0   0   0   0   4   0   0   0   0   12   0   0   0   0   0   0   0   0   0   1   0   0   4   3   682   1113   0   0   0   0   0   0   0   0   0   0   3   0   0   0   0   0   0   2   0   0   0   0   0   0   0   0   0   158   7   10   0   0   3   0   0   0   0   0   0   4   
0   0   0   0   0   0   0   0   0   0   0   0   0   0   0   13   0   0   13   38   0   0   0   0   0   0   0   30   0   0   0   0   0   0   0   0   0   5   0   0   0   0   2   55   0   33   0   0   0   0   0   0   0   0   6   78   0   13   0   0   0   0   0   0   10   0   0   0   1   0   0   0   0   0   0   0   0   0   0   0   0   7   28   0   3   0   0   0   0   0   0   0   28   0   0   9   0   0   0   0   0   0   0   0   0   2   0   0   0   0   0   0   0   0   48   7   0   0   0   0   
0   0   0   0   0   0   0   0   0   0   0   0   0   0   0   0   0   0   0   0   0   0   0   0   0   1   0   22   0   0   1   0   0   0   0   0   0   0   1   0   0   0   0   18   0   8   0   0   0   0   0   0   0   0   0   0   0   0   0   0   0   40   0   0   0   0   0   96   0   0   1   10   0   0   0   0   0   0   0   0   0   5   0   0   0   0   7   0   0   39   223   0   0   0   0   0   0   0   0   0   0   4   0   15   0   0   303   8   0   0   0   0   100   0   0   17   0   0   0   0   
101   28   0   0   4   15   0   0   0   0   0   0   0   4   0   0   0   0   10   0   0   0   0   314   0   0   0   2   0   20   1   22   78   0   0   0   0   0   0   0   0   28   6   0   0   0   0   0   104   0   0   0   0   0   0   0   0   0   0   0   0   0   0   0   0   0   0   41   0   0   61   0   49   0   0   0   0   0   0   0   0   0   0   0   27   0   0   0   0   0   54   0   0   0   0   0   0   0   0   0   18   7   0   0   0   0   0   21   0   0   734   0   0   0   0   0   0   9   0   0   
0   1   0   0   0   0   0   0   0   0   0   0   0   0   0   0   0   0   48   1   0   0   0   15   31   0   0   37   1   0   45   17   0   0   0   0   0   0   0   0   0   0   24   0   0   0   0   0   0   0   0   0   0   0   17   0   0   18   4   22   0   0   0   0   44   0   0   0   0   2102   4   30   0   0   0   26   0   0   25   0   0   5   0   0   0   0   0   0   0   0   0   4   170   0   0   0   7   0   0   0   0   0   0   0   0   7   0   0   0   0   0   0   0   0   21   0   14   0   0   0   
0   7   0   0   0   0   0   12   0   0   0   0   54   0   0   0   0   27   22   0   0   3   0   0   0   0   0   0   0   0   0   0   0   0   0   0   0   19   0   10   0   0   0   0   3   0   4   0   0   0   0   0   0   0   0   0   0   19   0   0   0   0   0   0   0   0   0   0   24   0   0   21   0   0   0   0   35   0   0   0   0   0   303   6   0   0   0   0   80   0   106   0   0   0   0   0   0   0   0   0   2   0   0   0   0   0   0   0   0   0   0   0   26   0   0   0   0   0   0   0   
0   0   0   0   0   0   6   0   4   0   22   0   1   0   0   7   0   0   0   0   0   0   0   229   0   0   11   0   0   0   0   0   0   0   0   0   4   0   0   0   2   212   0   38   2   5   0   0   4   11   0   7   0   0   0   0   0   0   0   0   0   0   0   0   0   0   0   0   0   0   26   71   0   0   0   97   44   0   0   0   0   1   0   0   0   0   0   0   0   2   0   0   0   0   0   0   0   0   0   0   0   0   0   0   0   0   0   0   0   0   0   37   0   0   0   0   0   0   83   0   
0   0   0   30   0   0   0   17   0   0   0   0   0   75   0   0   0   0   0   0   0   0   0   0   0   0   24   0   0   0   0   0   4   0   0   0   14   0   0   0   0   0   10   0   0   0   2   0   0   0   0   0   0   0   0   0   0   0   40   0   0   0   27   0   0   0   0   0   0   0   0   0   55   0   0   2   0   0   0   146   0   0   0   0   0   31   0   0   0   0   0   0   0   0   0   0   0   0   0   0   0   0   0   0   0   0   0   0   0   0   0   87   0   0   0   0   18   0   1   0   
0   0   123   17   101   0   0   0   0   0   8   0   7   682   0   0   0   0   0   0   0   0   0   0   0   1   0   2   0   0   0   0   0   4   0   0   0   0   0   0   0   7   13   0   41   0   0   0   0   0   0   0   0   28   0   0   0   0   0   26   0   0   4   0   7   0   0   0   0   26   0   1   0   0   0   0   0   0   0   0   3   0   0   0   0   0   0   4   0   0   0   0   0   0   0   0   14   24   313   15   0   3   24   0   0   0   0   0   19   0   0   0   0   0   0   0   0   0   0   0   
223   0   0   478   0   4   0   0   0   0   0   0   899   866   0   0   0   0   0   0   0   0   0   0   0   0   0   0   32   0   0   0   0   0   0   0   0   0   0   38   0   0   2   0   9   4   0   0   0   0   0   0   0   38   12   0   0   0   0   0   0   0   0   0   0   0   0   0   0   0   0   292   0   0   0   0   0   0   0   0   1   6   0   0   0   0   0   0   0   0   0   0   0   27   0   0   0   0   3   170   0   0   0   0   0   0   0   0   14   0   0   0   0   0   40   0   0   0   0   0   
0   0   0   45   7   0   0   0   0   18   31   0   0   0   0   170   1113   0   0   0   0   0   0   71   0   0   0   0   0   0   0   0   0   0   0   0   0   0   0   0   0   0   0   0   0   0   0   0   0   0   0   0   9   0   0   0   1284   0   24   0   0   54   0   0   0   0   0   0   0   0   5   0   0   0   0   0   0   0   2   0   0   3   0   0   0   0   0   0   0   0   58   0   0   0   2   0   0   0   0   89   0   0   0   0   0   0   0   0   0   0   0   0   2   0   5   0   0   0   4   0   
0   0   0   0   0   0   0   70   0   0   0   0   0   3   0   0   0   0   11   0   0   0   0   0   18   0   0   0   0   0   0   0   5   0   0   0   0   0   0   0   0   0   0   0   0   3   0   0   0   24   0   0   0   0   0   0   0   0   0   0   0   0   0   0   0   4   0   0   0   0   0   0   0   0   0   0   0   0   1372   0   0   0   0   0   0   0   0   0   0   0   0   0   0   0   0   0   0   0   0   0   0   2   0   0   0   0   5   0   0   0   0   0   19   0   0   0   0   0   0   0   
0   0   0   10   0   0   0   9   0   0   0   0   0   0   0   0   0   24   0   0   0   0   0   0   0   17   0   0   0   0   0   15   0   0   0   0   0   0   0   0   0   0   4   0   3   0   0   0   0   8   0   0   0   0   0   0   0   0   0   1   70   0   0   0   0   0   0   0   0   0   0   0   0   0   0   0   0   0   21   0   0   0   0   0   0   96   0   0   0   0   0   0   0   0   0   0   0   0   0   0   0   31   0   0   0   0   5   0   0   0   0   0   0   0   0   83   0   0   292   0   
0   0   0   0   22   0   0   0   17   0   0   0   8   0   0   0   0   0   0   0   4   0   54   45   14   0   0   0   0   0   3   0   0   0   0   0   0   0   0   0   0   0   0   0   0   0   0   0   0   0   0   0   0   0   0   0   0   0   0   0   0   0   0   0   0   0   0   0   0   0   48   14   0   0   0   0   0   13   212   55   0   0   0   0   0   0   0   0   158   0   80   64   0   0   0   0   0   5   0   0   0   0   0   0   0   0   0   0   0   0   9   0   0   0   0   14   0   0   0   0   
0   0   0   0   24   0   0   0   0   0   0   0   0   0   4   0   0   1   0   0   0   0   0   0   0   0   0   0   0   0   0   0   0   6   0   0   0   0   0   0   0   0   0   0   0   0   0   0   0   0   0   0   0   116   0   0   0   4   0   0   0   2   0   0   0   0   0   0   0   1   2   303   0   0   0   5   0   0   0   0   2   0   0   0   0   3   0   0   0   0   3   0   0   0   0   0   0   7   0   0   0   0   0   0   0   0   0   0   0   0   0   0   0   0   0   0   0   0   0   0   
0   0   0   0   0   19   0   0   0   0   0   0   7   0   27   0   0   0   0   0   11   0   0   0   0   0   39   0   0   0   0   0   0   0   0   0   0   0   0   1   0   0   0   0   0   0   0   0   0   0   0   0   0   0   0   0   0   0   0   0   0   223   0   0   0   0   0   0   6   296   0   0   0   0   0   0   0   0   0   8   0   0   2   0   10   0   0   0   0   0   0   866   0   0   0   0   11   0   0   0   0   26   0   0   0   0   0   0   0   0   0   10   26   0   0   0   113   0   0   1   
0   13   0   0   0   4   0   0   7   0   0   0   0   0   0   0   0   0   0   0   0   0   0   0   12   2   0   1   4   0   0   55   60   0   14   0   0   48   0   0   0   0   0   0   0   0   0   0   0   0   2102   0   0   0   0   0   0   0   0   0   0   0   0   0   0   0   0   0   60   0   2653   0   0   0   0   18   0   0   22   4   0   0   0   0   0   0   0   86   27   0   0   0   0   0   0   0   0   0   116   0   0   0   17   0   3   0   0   0   0   0   0   0   0   0   0   0   0   0   0   0   
0   0   0   15   0   9   0   3   0   0   0   0   0   0   0   7   0   0   0   0   0   0   0   0   3   0   0   0   0   0   0   0   588   0   0   0   0   3794   0   0   0   0   5   14   0   0   0   0   0   0   0   2102   0   17   0   8   0   0   0   0   0   2653   0   0   0   1   0   0   478   0   0   0   0   0   7   0   0   0   0   12   0   0   0   0   0   0   0   0   0   10   0   17   292   0   0   0   0   0   0   96   54   0   0   64   0   0   0   0   0   69   0   14   0   0   26   0   0   0   0   0   
0   0   0   0   18   0   0   0   0   0   0   13   0   0   0   0   0   0   0   0   2653   1   2422   0   61   44   3   0   0   7   0   4   0   0   0   4   0   1   0   0   0   7   0   60   0   0   0   0   0   0   0   0   0   0   0   0   0   0   0   0   0   10   0   2   0   0   0   0   0   0   0   0   0   0   0   0   123   4   0   0   25   0   0   0   0   0   0   15   303   0   0   37   0   0   0   0   0   478   0   0   0   0   0   0   0   0   0   0   0   0   0   8   0   33   0   0   0   0   2   0   
0   0   0   4   0   123   0   0   0   0   0   0   0   0   0   0   0   86   0   0   0   0   0   0   4   0   108   0   0   0   26   0   0   0   734   15   0   0   0   0   0   0   0   0   0   0   0   0   0   0   0   0   0   0   123   0   0   0   0   0   0   0   0   1   0   0   0   0   0   41   0   0   0   0   0   0   0   0   0   0   0   0   0   0   0   0   0   0   0   0   0   0   0   0   0   0   0   0   0   0   5   2   11   0   0   1   158   0   0   0   0   0   0   36   0   0   0   0   0   0   
14   0   0   146   0   0   0   0   0   0   0   0   4   0   0   0   0   0   229   0   0   0   0   0   96   0   0   2   0   65   0   0   0   18   0   0   0   2   0   0   4   0   0   3   0   0   0   0   0   0   3   0   0   0   0   0   15   7   0   0   0   0   0   0   0   0   0   0   0   0   0   0   165   0   0   0   116   0   0   0   0   0   0   0   0   0   0   0   0   0   0   0   6   41   0   0   12   0   0   0   0   14   0   91   0   0   0   65   0   0   6   0   0   0   0   0   0   0   0   0   
0   0   13   0   0   11   13   0   0   0   0   4   0   0   0   0   0   6   0   97   0   0   0   0   0   2   0   37   0   0   1   7   0   0   0   4   0   0   0   0   0   0   0   0   100   0   0   57   0   0   4   0   14   0   0   0   0   0   0   0   2102   9   0   45   0   0   0   11   0   0   0   0   0   0   0   17   0   0   0   4   0   0   71   0   0   0   294   8   0   0   0   0   0   0   5   0   0   0   0   0   0   0   0   0   48   0   0   0   0   0   0   0   38   0   3   0   0   0   0   30   
0   0   0   0   136   0   0   0   0   0   0   0   0   0   20   0   0   0   22   19   0   0   11   0   55   0   0   0   0   18   1   0   0   0   0   0   0   0   0   0   0   0   8   0   0   11   142   0   0   0   0   0   0   294   0   28   39   0   0   0   0   0   0   0   0   0   0   0   0   0   0   85   58   0   0   0   0   0   0   0   0   0   97   0   8   0   0   0   0   0   14   0   6   0   0   0   0   71   6   18   0   0   4   0   0   0   0   0   0   0   31   0   0   0   0   0   11   2   0   0   
0   0   116   0   0   2   0   0   0   0   0   4   0   9   0   0   0   0   0   0   0   0   0   0   0   9   0   0   0   0   0   0   0   0   0   0   0   0   0   1113   0   0   0   4   31   0   0   0   5   0   21   0   0   0   0   0   0   0   0   0   0   0   4   4   0   0   0   0   12   0   86   0   0   0   0   17   0   0   0   0   0   0   0   0   15   0   0   4534   24   0   0   0   0   0   0   0   0   0   0   0   0   0   0   0   0   0   0   482   0   0   0   37   0   0   0   4   229   0   3   0   
0   0   0   0   4   0   0   482   0   0   0   0   0   0   0   0   0   0   0   0   0   0   0   0   0   0   0   4   0   0   0   0   0   0   0   0   0   70   0   0   0   8   0   0   0   0   0   4   0   0   0   0   0   0   0   10   0   0   0   0   0   0   0   1   0   0   0   0   0   0   0   0   8   0   0   0   0   0   0   0   0   0   18   0   0   0   0   8   0   0   3   0   116   17   0   0   0   0   0   13   18   0   0   0   0   116   0   0   0   61   0   0   0   0   158   18   0   0   0   0   
0   0   12   0   0   0   0   78   10   14   0   0   0   0   0   0   0   0   0   12   0   0   0   0   0   0   2   7   0   4   0   0   6   0   0   0   11   96   0   0   10   303   0   0   229   13   0   0   25   54   0   5   0   13   0   0   0   0   12   0   0   0   4   45   0   0   0   0   0   18   0   899   0   0   0   0   0   19   0   0   0   0   0   14   0   11   0   0   0   0   0   0   0   0   0   0   0   5   6   0   0   0   0   0   0   0   0   0   0   10   0   13   0   57   0   0   0   0   21   2   
14   0   0   0   0   0   0   0   0   0   1   0   0   2   0   0   0   0   0   0   0   9   0   0   0   0   0   0   0   0   0   27   33   0   4   0   0   0   0   0   0   0   0   0   0   0   0   0   0   0   0   0   0   0   0   0   0   0   25   0   0   0   0   0   17   0   0   0   0   0   0   31   0   4   17   0   0   0   0   0   0   0   0   0   8   0   0   24   0   0   0   0   0   7   0   0   0   0   0   0   0   0   0   0   0   18   41   0   0   11   14   0   0   0   0   0   0   0   0   0   
0   0   0   0   0   0   0   0   0   0   0   6   0   0   0   0   0   0   6   0   0   0   0   0   28   0   0   0   0   0   0   0   8   294   0   0   0   0   0   0   0   0   0   3   0   9   0   0   0   0   39   0   0   0   0   0   0   0   0   10   18   0   0   0   0   0   0   0   0   0   0   14   0   0   0   0   0   0   0   1   0   0   0   0   0   12   21   0   0   0   13   0   0   0   0   0   0   0   4   0   0   0   0   0   0   11   0   0   3   0   0   0   116   0   4   0   0   0   146   0   
0   0   0   28   18   0   18   89   0   0   0   0   18   0   4   26   0   0   0   0   0   0   0   24   0   0   0   0   0   0   0   0   28   0   0   0   0   0   0   0   0   30   0   0   0   0   0   0   0   2   0   8   0   0   0   18   0   0   0   15   0   0   0   0   0   0   0   0   0   0   0   14   0   0   36   0   1   0   0   0   0   0   0   0   0   0   0   0   0   0   70   0   0   0   0   35   0   0   0   0   0   0   0   0   3   0   0   0   0   0   0   0   0   0   0   0   0   91   0   0   
0   0   36   0   0   0   9   0   116   2   0   0   0   30   0   0   0   0   0   0   0   0   0   0   0   0   0   0   0   121   0   0   4   0   0   5   0   150   0   39   0   4534   0   0   49   0   0   0   0   0   7   0   0   85   0   0   0   0   0   0   17   18   0   0   0   477   0   0   0   0   0   0   0   0   0   0   0   0   0   0   0   0   0   10   0   1   0   0   0   0   0   0   0   0   0   0   0   0   0   0   0   0   0   0   0   2   0   0   0   0   0   0   15   0   0   0   0   0   0   0   
0   41   0   0   0   0   0   0   48   75   0   0   0   0   0   0   0   4   0   14   0   0   0   6   0   8   0   33   0   0   10   0   7   0   9   0   0   0   0   0   4   0   0   0   0   0   0   0   0   0   35   0   0   0   0   0   0   8   33   0   0   0   1   0   0   0   0   0   1   21   0   0   22   0   0   21   0   0   19   0   0   0   0   0   0   17   0   0   0   0   0   0   24   8   0   0   0   0   0   0   41   0   0   0   8   0   4   0   0   0   0   0   3   0   0   0   0   0   0   45   
0   0   0   0   0   12   0   0   0   0   0   0   0   7   0   0   0   0   0   0   55   0   9   0   0   0   0   0   0   0   0   0   0   0   9   313   0   0   0   0   0   13   8   31   0   0   0   0   0   0   0   0   2   0   4   8   150   0   0   0   0   0   0   85   0   0   27   0   0   0   0   0   0   48   0   0   45   0   4   0   0   0   3794   0   86   0   0   54   0   0   0   0   0   0   0   0   0   0   0   0   0   0   0   645   0   0   0   0   0   0   0   0   0   36   55   0   0   0   0   0   
0   0   0   0   0   0   0   0   0   0   0   80   30   0   64   0   0   0   0   2   0   0   0   0   0   0   0   0   0   0   15   0   0   0   0   24   0   0   0   0   0   0   0   0   0   0   5   0   2   0   19   0   0   0   0   0   12   17   0   0   11   30   121   0   0   0   0   0   0   0   0   0   0   0   0   0   32   0   0   0   0   0   0   0   0   0   0   71   0   0   0   0   0   0   0   0   0   0   0   116   0   0   0   0   85   0   0   1   0   0   0   30   0   0   0   0   0   0   0   0   
7   0   0   96   0   0   0   6   0   0   0   0   0   71   0   0   10   0   0   0   0   0   0   0   0   0   0   0   0   0   0   57   0   0   0   0   0   0   0   0   39   0   65   9   5   0   0   1   0   0   0   2   0   0   0   0   0   0   0   118   0   212   64   0   0   0   0   6   0   0   0   0   0   96   0   27   19   0   4   3794   6   734   0   0   0   0   0   0   0   0   0   588   0   0   118   0   314   0   0   71   588   0   116   123   0   0   0   0   106   0   0   0   19   0   0   0   0   40   0   0   
0   0   0   0   0   0   0   0   0   0   0   0   0   0   0   13   0   0   0   0   2   0   0   0   83   0   0   0   33   0   0   0   0   0   0   0   0   0   0   0   0   0   27   0   17   0   0   0   0   0   9   0   0   0   0   21   0   0   0   0   0   0   12   0   0   13   0   0   0   0   0   0   0   1   0   0   0   0   0   0   0   36   0   0   0   0   0   0   21   0   0   49   0   0   0   10   0   0   0   0   24   0   0   0   0   0   0   0   0   0   0   0   0   0   0   4534   0   0   37   0   
0   0   0   0   4   0   0   0   0   0   0   0   0   0   78   0   0   0   11   0   0   0   0   0   0   0   0   0   0   0   0   482   0   1   0   7   0   20   0   0   0   0   0   0   0   0   0   0   0   0   0   0   0   0   0   8   0   0   0   0   0   7   0   0   0   0   0   0   0   0   0   45   0   0   0   0   0   0   0   0   0   0   13   0   0   0   0   0   0   0   0   0   0   0   0   0   0   7   0   1   0   0   0   0   0   0   69   0   0   0   0   0   0   0   0   0   0   0   10   0   
0   12   15   0   0   0   4   0   0   0   0   0   0   0   0   0   2   0   0   0   0   0   0   0   48   0   0   0   0   0   0   0   14   0   0   0   0   0   0   0   0   0   0   0   0   0   15   0   0   0   15   734   20   0   0   0   0   0   0   0   0   0   0   0   0   6   0   4   0   28   0   2   0   10   0   17   0   0   0   0   0   0   0   0   158   0   11   0   0   0   0   0   0   0   0   0   0   0   0   0   0   0   0   0   0   0   0   0   0   0   0   14   0   0   0   3   0   0   0   0   
0   0   0   0   0   0   0   0   1   21   0   0   0   0   71   0   0   0   477   7   0   0   12   0   0   0   0   4   0   0   0   0   0   86   0   0   0   26   0   0   0   4   0   0   0   0   0   106   0   0   0   9   0   30   0   0   0   0   0   0   26   17   0   0   0   0   0   0   0   0   0   0   0   0   0   0   0   0   0   0   0   0   0   0   0   0   0   165   0   118   0   0   0   48   0   0   0   0   89   0   30   0   0   0   0   6   0   2   0   19   0   0   0   0   0   0   0   0   0   0   
0   0   0   0   0   0   0   0   0   0   0   0   0   313   10   0   11   0   0   0   18   0   2   0   0   0   0   0   0   0   682   0   0   0   5   0   0   108   0   0   0   0   0   0   0   0   0   0   0   0   0   0   7   0   0   0   0   0   0   0   0   15   1   0   0   0   0   0   0   0   0   0   0   0   170   0   0   0   0   0   2   31   0   0   0   0   9   0   0   0   31   2   0   0   0   0   4   0   0   0   2   6   0   0   5   0   18   0   0   0   0   0   0   0   0   0   0   165   0   0   
0   0   0   0   22   0   7   0   1113   2   0   0   0   0   0   0   0   0   0   0   0   0   0   6   14   0   0   0   0   0   0   0   0   0   15   1   0   0   0   0   0   0   0   0   0   1   0   0   0   0   0   0   0   18   0   1   57   223   0   0   0   0   0   0   0   0   28   0   0   0   0   0   0   0   85   0   12   0   0   0   0   21   0   0   0   8   0   0   0   0   116   1113   0   1   0   0   0   314   0   2   0   0   54   1   14   0   0   24   0   78   0   0   0   0   0   0   0   0   0   0   
0   0   0   0   0   0   0   0   0   0   0   1   0   0   0   0   0   41   0   0   0   0   0   0   0   0   14   0   9   477   0   0   0   0   0   0   0   0   0   2   0   0   229   0   4   0   0   0   0   0   1   1   4   0   0   1   0   0   0   0   0   17   0   0   0   0   0   19   0   2   0   0   0   0   0   0   0   113   0   0   0   0   0   0   0   0   0   89   3   0   0   588   0   0   0   0   0   0   96   0   25   0   0   0   0   0   0   0   45   0   0   0   0   0   0   0   0   10   0   0   
0   0   0   0   0   0   0   0   71   0   0   0   0   14   4   0   0   4   0   0   4   0   0   0   0   0   0   0   13   0   0   0   0   0   0   0   8   0   1   0   0   0   0   0   0   1   0   0   7   4534   123   0   0   3   39   0   8   0   0   0   0   0   4   0   0   0   0   0   0   0   0   9   0   0   1   0   19   0   5   0   0   48   0   0   2   21   0   0   0   0   8   0   0   0   0   0   0   0   0   0   0   48   0   0   0   0   0   0   0   0   0   0   0   0   0   0   0   0   0   0   
0   40   146   0   0   0   0   0   0   0   0   0   0   0   35   0   0   0   0   0   0   0   0   0   0   0   0   0   0   0   0   0   0   0   0   1   0   0   0   22   15   0   0   0   0   96   3   0   0   0   0   0   0   41   0   37   0   0   0   0   17   0   0   0   0   13   0   3   0   0   7   1284   0   0   0   37   0   31   11   0   0   0   0   0   0   7   0   0   0   0   0   0   85   0   0   55   38   0   0   6   0   0   0   0   61   0   0   0   0   0   0   1   13   0   22   12   0   1   7   0   
0   3   1   0   8   14   0   0   0   0   61   0   0   0   27   0   0   0   0   0   0   0   0   0   0   0   0   0   0   0   0   0   68   0   0   0   1   0   33   0   0   0   0   0   0   0   121   0   97   0   0   7   0   101   0   121   0   0   4   0   9   0   0   0   0   0   0   0   0   0   0   0   0   44   0   0   0   0   0   7   0   0   0   24   0   0   0   0   0   0   0   0   0   0   0   0   0   0   0   0   0   0   3   0   0   0   19   9   0   0   14   0   0   0   0   60   0   0   0   0   
0   0   0   0   0   0   0   0   0   0   0   0   0   0   0   0   0   10   0   2653   0   0   0   0   0   0   0   0   0   0   0   0   0   0   4   2102   0   0   0   0   0   0   0   170   0   0   0   0   0   0   0   0   0   0   0   0   0   0   0   0   0   0   4   0   0   0   0   0   477   0   0   0   0   0   0   0   0   0   0   0   0   0   0   0   0   0   0   0   0   0   12   0   0   0   0   0   10   0   0   0   0   0   0   0   0   0   0   0   0   0   4   0   121   0   37   0   0   0   0   0   
0   0   0   0   32   0   0   4   0   0   0   7   0   0   9   0   0   2   0   0   313   0   0   8   0   0   0   7   0   0   0   0   0   0   0   2   0   0   0   0   0   9   0   0   0   4   0   0   0   0   0   0   0   0   4534   11   0   0   7   0   0   0   0   0   0   0   0   0   7   0   0   0   0   0   0   0   0   0   0   0   3   21   0   0   0   0   0   0   49   0   0   0   19   0   10   0   0   0   0   0   0   0   0   0   0   0   0   0   19   0   0   178   0   4   0   3   0   7   0   0   
0   0   0   1   0   297   0   0   0   12   0   0   22   645   0   0   0   0   0   0   0   0   17   0   5   0   0   0   0   0   0   0   41   0   0   0   0   158   0   0   3   0   0   0   0   0   15   0   0   0   0   0   0   21   0   0   80   0   0   0   0   0   0   0   0   0   146   0   0   17   0   0   0   0   0   0   0   0   0   0   45   0   3   0   0   0   13   4   8   0   0   0   123   0   0   1   0   0   0   0   0   7   0   0   21   0   0   0   0   0   0   0   14   0   0   61   0   0   158   0   
13   0   0   0   0   0   0   0   5   0   0   0   0   2   0   0   0   0   4   0   0   0   0   1   0   2   0   0   0   0   0   0   0   116   0   0   0   0   0   0   0   0   7   0   0   0   0   0   121   0   17   0   0   71   0   54   0   0   297   0   1   55   0   0   0   0   0   0   0   0   0   0   0   7   0   0   0   0   0   0   0   0   0   4   0   0   5   0   25   1   0   0   0   12   0   0   0   35   6   0   0   0   0   0   0   85   0   0   0   0   0   0   0   0   0   0   6   0   0   0   
0   0   0   0   0   0   1   8   2   49   0   57   0   0   0   0   0   0   0   0   0   0   0   0   5   0   0   0   35   0   0   0   0   4   0   0   0   0   4   0   3   0   0   0   0   0   0   0   0   18   0   4   0   0   0   0   22   0   15   0   106   0   3   0   0   170   0   0   0   18   0   0   0   0   0   0   0   0   18   0   0   0   0   0   0   0   0   49   0   0   0   588   0   0   0   0   0   0   0   0   0   0   0   0   0   0   0   0   0   0   0   0   40   0   0   0   0   10   0   0   
3   0   0   146   1   0   0   1   8   0   0   0   0   0   71   24   0   0   0   0   0   0   0   0   0   0   100   0   0   32   0   0   0   0   0   0   0   3   0   0   0   0   0   0   0   18   0   0   0   0   0   0   0   0   11   0   0   0   0   0   0   0   22   55   0   0   0   24   0   0   0   0   0   0   0   0   0   0   19   0   482   0   0   0   26   0   0   0   0   0   0   13   0   27   0   0   0   0   24   0   0   0   0   0   0   5   0   0   13   0   0   0   0   0   0   0   0   0   0   0   
0   0   0   0   39   0   0   0   2   4   0   0   0   0   6   9   0   0   0   0   22   0   27   0   0   0   8   0   9   0   146   0   0   0   0   229   0   0   0   0   0   0   0   0   0   24   0   0   0   0   0   1   0   0   0   0   0   0   0   1   0   0   0   0   0   0   5   0   0   0   17   0   0   0   0   0   0   0   0   0   0   0   0   0   0   10   0   0   0   0   0   4   12   0   0   0   0   0   14   0   19   0   0   61   8   0   0   8   0   4   0   33   0   4   0   0   0   0   0   0   
116   0   0   5   0   0   0   0   0   0   0   0   0   0   0   0   0   0   0   1   0   0   0   0   4   0   178   0   0   0   0   0   24   0   0   0   0   0   0   22   0   0   0   0   0   0   0   0   0   0   0   0   0   0   1   0   0   0   0   0   22   0   0   0   0   0   0   0   45   0   0   0   0   0   0   0   0   6   0   0   0   178   0   0   0   0   0   0   0   0   0   0   0   0   0   0   0   0   0   0   0   0   0   0   0   5   2102   0   0   32   7   0   0   0   0   0   0   38   0   7   
0   0   0   21   0   22   0   0   0   0   0   0   0   0   0   9   0   0   0   41   123   0   0   0   0   2422   0   11   0   0   44   0   0   0   0   0   0   0   6   0   4   0   0   0   0   0   0   0   3   0   0   0   0   10   0   0   0   21   0   54   71   0   4   0   8   0   0   0   0   0   0   0   0   0   0   0   0   0   0   0   0   8   0   0   0   0   0   0   0   0   7   0   0   5   8   0   0   0   0   0   0   0   0   71   0   0   0   0   0   0   0   0   0   0   0   33   0   0   35   0   
0   0   0   0   0   0   0   0   0   0   5   0   0   0   0   4   0   2653   0   0   0   0   0   65   0   0   0   0   54   0   0   0   0   0   0   0   0   0   0   0   0   0   12   0   64   0   4   0   4   0   0   0   28   0   0   1   0   0   0   0   0   25   8   2   0   297   0   0   0   0   0   0   0   10   0   0   0   17   0   0   33   0   123   0   0   0   0   48   0   10   0   0   0   0   0   0   10   0   0   0   0   18   0   0   12   0   0   0   0   0   0   0   0   0   0   0   0   0   0   0   
0   0   1   2   0   0   0   0   0   223   0   0   0   0   0   0   0   0   0   0   14   0   0   0   0   0   0   0   0   0   14   27   0   0   0   123   0   0   0   121   0   0   0   0   0   0   0   0   0   0   0   0   0   4   0   0   1   0   0   4   0   0   645   0   0   0   0   0   0   0   0   0   0   0   0   0   0   0   54   3   1   229   2   0   0   6   2   0   0   0   0   0   0   9   0   0   0   0   0   8   0   0   0   0   91   0   0   0   0   0   0   0   4   0   0   10   0   0   0   0   
24   0   0   0   0   0   0   0   0   0   0   15   13   0   7   0   0   0   0   0   0   1   0   0   0   0   55   0   0   0   0   0   0   0   54   0   0   38   0   0   0   0   0   118   0   0   297   0   4   0   0   0   0   0   0   0   0   0   0   13   0   0   0   0   0   0   0   0   113   2   0   4   0   0   0   44   0   0   0   85   2   0   0   0   0   0   0   0   0   0   0   0   0   0   0   0   0   0   0   41   0   0   0   0   0   0   0   0   0   0   0   0   0   0   0   0   0   0   0   45   
0   4   0   0   1   0   0   0   0   0   0   4   0   0   0   0   0   0   8   0   3   35   0   0   0   0   0   0   41   0   1284   0   0   0   0   0   0   0   0   0   0   0   0   0   0   0   0   0   0   0   30   0   0   0   0   1   0   0   58   0   0   9   0   36   0   0   0   0   0   0   0   2   0   0   0   0   0   0   0   0   0   0   0   0   0   0   0   0   0   31   10   0   0   10   0   0   146   10   0   0   4   0   0   0   0   0   0   0   2   0   0   19   0   0   0   0   478   0   0   1372   
0   0   0   4   8   0   0   0   0   0   0   0   0   0   0   0   19   0   0   0   0   0   0   71   0   4   0   0   0   1   0   0   0   0   0   314   0   0   0   0   0   0   0   0   0   0   0   0   0   54   0   97   0   4   0   0   54   18   0   0   0   0   0   0   0   0   0   0   0   0   0   4   0   17   0   0   0   0   0   0   0   0   41   0   0   0   78   0   0   0   3   0   0   0   0   0   0   0   0   13   11   0   0   60   0   40   0   0   4   0   0   0   0   0   0   0   30   0   78   0   
0   0   0   0   13   0   0   0   0   0   0   0   0   0   0   0   0   0   0   0   0   0   0   0   0   0   0   0   477   0   0   0   0   0   0   0   0   0   63   0   223   0   0   0   0   0   0   0   0   0   0   0   0   0   0   0   0   0   0   0   0   0   0   0   0   0   0   0   10   4   4   97   22   0   0   0   0   0   4   0   0   0   18   0   0   0   0   0   0   0   31   0   0   0   49   0   0   0   0   0   0   0   0   0   0   0   70   0   0   0   65   0   0   0   64   0   0   0   0   0   
0   0   0   0   0   0   4   0   0   4   0   0   0   0   0   0   0   10   0   0   0   223   0   97   212   0   0   0   866   0   17   0   0   87   0   6   0   0   3   0   12   0   0   0   0   0   0   0   0   0   0   0   0   0   0   0   0   0   0   33   0   0   0   21   0   0   0   0   0   0   0   0   0   0   0   0   0   0   0   0   0   0   0   0   0   19   0   14   0   6   0   0   0   0   8   0   0   11   0   0   0   0   19   0   0   0   0   2   0   0   0   1   0   0   0   0   482   0   36   0   
0   0   2   0   0   0   734   0   0   0   0   0   0   0   0   0   10   7   2   0   0   0   0   0   0   1   0   0   0   0   0   0   0   87   0   0   0   0   0   0   0   0   0   0   0   0   0   0   0   0   0   0   0   0   3   0   0   0   0   0   0   0   0   0   0   0   0   0   0   0   0   0   0   0   0   0   0   0   0   0   2   0   0   0   0   0   0   0   0   0   0   0   0   0   0   0   0   0   0   0   3   35   0   0   0   0   0   0   0   0   0   0   0   0   9   0   123   9   0   0   
0   0   118   0   0   0   0   0   38   3   0   0   0   0   0   0   0   0   0   0   0   0   0   7   4   0   6   0   0   0   0   0   17   0   0   0   0   55   0   0   0   21   0   0   0   0   0   0   27   9   0   0   0   0   0   0   0   0   0   0   303   4   0   0   0   0   0   0   0   0   0   65   0   22   2   0   0   0   0   0   0   0   0   0   0   0   0   0   0   27   0   0   0   0   0   0   14   0   108   0   0   2   0   0   0   8   0   0   0   3   0   0   0   0   0   0   0   0   0   0   
0   1   0   80   9   0   8   17   0   0   32   0   0   0   0   0   0   0   0   0   0   0   0   0   0   0   14   0   0   0   0   0   0   0   0   0   0   0   0   0   0   0   18   0   19   0   0   0   21   0   0   0   0   0   0   3   0   0   0   0   4   0   39   106   0   18   2   3   0   0   0   0   0   0   0   0   0   0   0   0   0   4   0   4   0   0   0   0   0   0   0   0   0   0   0   0   0   0   8   0   0   4   27   0   2   142   0   0   0   0   0   0   75   0   0   24   0   0   0   0   
6   0   0   0   0   0   0   0   0   0   0   0   0   0   0   0   2   2   0   7   2   0   0   0   0   0   0   0   0   0   0   0   21   0   0   0   0   0   0   0   0   0   0   0   0   0   40   0   0   0   0   0   0   6   0   0   0   0   0   0   0   0   0   0   0   0   0   0   0   106   0   0   0   0   89   0   0   0   0   0   0   0   0   0   0   0   0   0   0   0   0   12   0   0   0   0   0   0   0   0   0   0   0   0   0   69   0   0   1   0   0   0   170   0   0   0   0   0   0   0   
0   0   0   0   0   0   0   0   0   0   9   0   12   0   5   0   0   0   0   0   0   0   0   0   0   0   3   0   0   0   60   0   0   0   7   2   14   0   0   108   21   0   0   0   0   0   0   0   0   0   0   0   0   31   0   0   0   0   0   0   0   0   0   0   0   0   0   0   0   18   0   0   0   0   0   0   229   0   0   0   27   3   0   2   0   0   0   0   0   0   899   0   0   0   0   4   0   0   4   0   0   9   0   0   21   0   0   0   0   0   75   0   0   0   0   0   0   0   0   0   
0   4   0   0   0   0   0   0   0   0   0   0   2   0   0   0   0   0   0   0   0   0   0   0   0   0   0   0   0   0   69   0   0   0   7   2   0   0   0   14   0   0   1   0   1   0   0   0   0   0   0   0   0   0   0   15   0   0   0   0   0   0   11   8   0   0   2   0   4   0   8   0   4   0   0   0   0   86   0   0   0   0   15   0   0   0   0   0   0   0   0   40   0   0   0   0   0   0   0   4   22   0   0   0   0   0   0   0   0   4   0   0   0   0   13   0   0   0   0   0   
0   0   0   0   0   0   3   0   0   0   0   3   0   0   0   0   123   0   0   5   0   0   18   0   3   0   3   0   0   0   0   0   0   0   0   0   0   0   0   0   2653   0   0   1   0   0   10   0   0   0   0   18   0   4   0   33   0   0   6   40   17   0   0   0   0   0   0   18   0   0   0   0   11   0   0   87   0   0   0   0   0   0   0   0   146   0   0   0   0   0   0   0   0   0   0   3   55   0   0   0   0   0   0   0   0   0   0   0   0   0   0   0   0   0   0   0   0   0   0   0   
78   0   0   0   0   0   104   0   1   0   0   21   0   0   0   0   4   0   65   0   0   0   0   0   0   0   0   0   0   101   0   0   0   0   37   0   0   0   0   0   0   0   0   0   15   0   0   0   0   0   19   0   0   0   0   54   39   0   0   0   0   170   0   0   0   0   0   2   0   0   0   0   0   2   0   0   0   0   89   0   0   0   0   0   0   0   0   0   6   0   0   0   0   0   0   0   0   0   0   0   0   0   314   0   0   0   33   0   0   0   0   0   0   0   0   0   0   0   0   5   
223   12   0   0   0   0   0   0   0   0   0   0   38   0   0   0   0   0   0   0   0   0   9   0   0   0   113   0   0   0   0   0   0   0   0   0   0   0   0   0   0   0   0   0   31   0   2   0   0   0   0   0   0   0   0   0   0   0   0   0   0   0   17   0   13   0   0   0   0   0   3   0   0   22   0   0   0   0   296   0   5   0   0   0   0   1   0   0   0   0   0   0   0   0   0   18   0   0   7   0   0   0   0   0   0   0   0   0   0   0   0   4   0   0   0   0   0   1   0   0   
0   0   0   0   7   478   0   0   0   0   0   0   5   0   0   0   0   0   7   0   0   5   0   0   0   0   0   0   0   150   0   0   0   0   0   0   0   0   9   0   0   0   0   0   0   0   0   27   15   0   0   0   0   0   0   0   0   0   6   0   0   0   0   0   0   0   0   0   41   0   0   0   19   0   0   7   0   0   0   0   0   0   0   0   0   0   0   1372   106   0   0   0   0   0   0   0   0   2   0   0   12   0   0   0   0   0   0   0   0   0   0   0   14   0   0   0   0   9   1   0   
0   0   2   0   0   0   0   0   0   0   18   8   10   0   0   0   0   0   0   0   31   37   0   0   0   0   0   0   0   0   0   0   0   78   0   0   0   0   0   0   11   0   6   0   0   0   4   0   0   15   0   0   9   0   0   0   5   0   0   0   0   0   0   20   0   0   0   0   0   0   86   0   0   0   14   1   116   0   0   150   0   0   0   0   0   0   0   0   0   0   0   2   0   0   0   0   0   13   0   0   0   0   41   0   0   55   0   223   0   0   0   14   682   0   0   2   55   0   0   7   
0   0   1   0   0   0   0   21   2102   30   0   0   0   32   0   0   0   97   18   0   6   12   0   4   4   0   0   0   0   0   0   0   0   0   0   0   0   0   0   0   4   0   0   0   0   0   49   0   0   0   15   0   0   0   0   14   0   0   0   0   0   0   0   12   0   0   1372   0   0   0   0   0   0   0   6   0   478   0   0   0   0   0   0   0   0   0   0   0   0   0   0   14   0   0   0   0   0   14   0   0   295   0   0   5   0   0   0   69   0   0   0   0   0   0   0   0   0   0   0   37   
0   4   0   0   7   482   0   0   0   0   0   0   0   0   0   8   0   0   0   14   0   0   296   0   0   0   0   0   0   0   65   15   32   0   0   8   0   0   0   0   0   0   0   0   0   0   0   0   0   0   0   0   0   2   2   0   0   303   0   0   0   0   0   0   0   8   0   0   0   0   0   0   2   223   8   0   0   0   0   106   0   0   0   0   0   8   0   0   0   0   0   0   0   0   0   0   0   0   0   0   0   0   0   3   0   0   0   0   0   45   0   0   0   0   36   0   0   0   0   0   
0   0   0   0   0   6   0   0   0   3   0   0   0   100   0   0   21   0   18   0   0   0   0   0   69   0   0   0   0   0   0   0   0   0   35   0   0   0   0   0   0   1113   0   0   1   0   0   0   0   0   0   101   0   0   0   0   75   0   1   0   0   0   292   2   0   0   0   0   0   36   0   0   0   0   0   0   0   0   0   0   0   292   0   0   0   0   0   0   0   0   0   0   6   0   0   0   0   0   0   0   0   0   0   0   14   0   0   0   0   0   0   0   30   0   2   0   0   4   0   0   
21   0   0   0   0   0   0   0   303   0   48   4   0   2   9   0   0   0   0   0   0   0   0   0   0   0   0   0   0   0   0   0   0   19   0   0   0   0   0   2   0   0   0   0   0   7   0   0   0   0   0   24   0   0   588   0   0   0   0   0   28   0   0   0   0   2   0   0   0   0   0   0   0   0   0   0   0   6   0   0   0   0   14   0   0   0   0   0   0   11   0   0   0   22   0   0   0   4   0   1   0   0   0   0   0   0   0   0   0   54   0   0   0   0   0   0   0   0   0   6   
0   0   0   0   0   4   0   0   0   0   0   0   0   0   0   0   0   0   0   0   0   0   0   0   0   0   0   0   0   0   12   0   0   0   0   295   0   4   4   18   4   0   12   0   0   0   0   13   0   1   0   0   146   19   0   0   0   0   0   0   123   0   0   3   0   0   0   0   0   9   28   11   14   0   0   0   0   150   0   0   0   0   0   0   0   0   0   0   0   0   0   3   0   14   0   0   0   0   0   78   0   0   0   0   0   0   0   0   0   0   0   0   0   27   0   0   0   0   0   0   
0   0   0   0   0   0   0   734   0   0   0   0   0   0   0   0   0   0   0   0   0   0   0   0   0   0   0   0   4   0   0   0   0   7   0   0   2   0   0   0   0   0   0   0   4   0   0   0   0   0   0   0   0   5   0   0   0   0   18   0   0   150   12   0   0   0   0   0   0   0   0   17   295   3   0   0   0   0   0   0   10   0   0   0   0   0   116   19   0   0   0   1   0   0   1   0   0   113   0   0   0   8   0   0   0   0   15   0   0   0   0   0   2   6   0   0   0   4   2   0   
0   24   0   0   0   0   0   0   0   8   0   0   3   9   0   0   0   0   0   0   0   0   0   1   0   0   0   0   17   0   0   0   212   0   0   0   0   0   6   0   58   0   0   0   0   0   4   0   0   0   0   0   3   0   0   14   0   0   0   0   0   3   0   0   0   2   4   0   146   0   0   0   0   0   0   0   3   0   0   14   0   0   27   0   0   0   0   0   0   0   0   0   0   11   0   0   4   0   0   0   0   0   0   0   0   0   0   5   0   0   0   0   0   0   0   0   0   0   0   0   
0   11   0   1   0   0   0   0   0   0   0   0   899   0   0   0   1   0   0   0   0   0   21   0   0   0   0   0   0   1   5   5   0   0   0   0   121   0   0   0   0   0   0   0   0   0   0   0   0   1   0   0   0   0   0   0   0   0   0   0   0   0   0   45   0   0   0   0   0   0   0   0   0   1   0   0   0   734   0   0   0   0   0   478   0   0   0   0   0   0   28   0   21   45   0   0   55   0   0   30   0   0   0   0   0   0   0   0   0   0   0   0   0   0   22   0   0   0   0   8   
0   0   0   0   0   0   0   0   0   0   0   0   0   0   0   0   0   0   0   0   0   17   0   0   0   0   0   2   7   0   0   0   0   0   0   150   0   0   118   0   1   0   0   0   0   0   0   0   7   0   0   0   0   0   26   25   0   0   0   0   0   0   0   35   0   27   44   0   9   0   0   7   0   0   12   0   0   0   1   0   21   1   0   0   0   0   0   0   0   0   0   0   0   25   0   104   0   0   0   0   0   0   0   19   0   0   12   0   0   0   0   0   0   0   0   0   65   49   0   0   
0   0   0   0   0   0   0   17   0   0   0   0   0   61   13   0   0   0   0   64   15   0   0   0   0   0   0   11   0   0   0   0   0   0   0   0   0   0   0   0   0   116   0   0   0   0   1   0   2   0   0   26   14   0   0   0   0   5   0   0   12   0   296   0   0   0   0   0   0   3   0   0   21   0   0   0   2   0   0   0   0   0   2   7   3   0   0   0   0   0   0   4   11   0   0   0   31   0   296   0   0   0   0   0   0   2   97   0   0   0   0   0   1   0   0   0   0   4   0   0   
121   0   0   0   0   4   0   0   0   0   0   2   18   0   0   0   0   0   86   8   0   0   0   0   0   0   0   0   0   0   0   0   0   0   0   0   0   0   0   0   0   0   0   0   0   0   0   0   13   0   21   0   0   0   0   0   0   0   0   0   0   0   0   0   0   0   0   0   0   0   0   0   0   2   0   0   0   0   297   0   0   0   49   0   0   0   25   0   12   0   41   3   0   0   0   0   0   0   0   0   18   7   60   0   0   0   7   54   0   0   0   0   0   2653   0   0   0   0   0   0   
0   0   0   4   0   0   0   0   0   0   0   0   0   12   38   0   0   0   0   866   0   0   0   28   0   0   0   0   0   0   0   0   0   0   0   0   70   0   2422   0   39   0   0   0   0   0   0   0   0   13   0   3   0   0   0   0   0   0   3   0   0   0   0   0   0   0   86   0   0   0   0   0   2   0   0   6   0   17   0   0   14   0   0   0   0   0   0   0   0   0   0   0   4   0   0   0   0   0   18   0   0   0   0   0   0   0   0   0   0   0   0   0   0   0   0   57   4   0   0   0   
0   0   39   0   10   0   0   5   20   0   0   0   0   0   0   0   1   0   0   0   0   22   0   0   27   645   0   0   0   0   0   0   0   0   0   0   1   0   0   1   0   0   0   123   0   1   0   0   0   0   0   70   2   0   0   0   0   0   13   0   0   0   0   0   0   4   0   0   0   0   0   0   0   0   0   0   0   0   0   0   0   0   0   0   0   7   0   0   0   0   80   0   0   4   0   0   0   0   0   0   0   1   0   0   0   0   38   0   0   32   17   0   0   7   0   0   0   0   85   0   
0   0   0   0   0   0   0   0   0   0   0   0   0   0   0   0   0   0   0   0   0   8   158   4   0   0   8   8   0   0   0   0   0   0   0   8   314   0   0   0   0   0   1   18   78   0   12   0   0   4   86   0   0   0   0   0   0   10   0   0   91   0   0   0   0   0   2   0   0   0   0   0   0   0   0   0   0   41   0   0   0   24   0   14   21   0   142   0   0   0   0   0   0   0   0   0   0   0   0   0   294   0   0   0   0   0   0   0   0   0   0   0   0   0   0   0   0   0   0   0   
0   0   0   0   0   0   0   0   0   0   0   0   0   0   0   0   0   0   0   0   0   0   0   0   0   27   0   0   0   12   0   0   0   0   0   0   0   0   0   0   64   0   0   2   0   0   0   0   0   0   7   0   38   0   0   0   11   0   0   0   0   0   0   7   0   229   0   0   0   0   0   0   0   0   0   0   0   0   0   0   35   0   0   0   10   0   0   0   0   0   0   0   0   0   0   0   0   0   0   22   0   0   0   0   0   0   0   0   12   0   0   0   0   0   0   0   0   0   4   0   
0   0   0   0   0   0   0   0   0   313   0   0   0   3   2   0   0   0   0   30   1   0   0   0   0   0   0   0   0   0   0   0   0   0   0   0   0   0   0   0   0   0   0   0   0   0   0   0   0   0   0   0   8   0   24   1   0   26   0   0   0   0   0   0   1   0   21   21   0   0   0   0   0   0   0   0   2   170   0   0   0   0   0   0   0   0   0   9   4   0   0   55   0   866   0   14   5   78   0   0   0   0   0   0   0   0   0   0   0   0   0   0   0   0   0   7   0   0   0   0   
0   0   0   0   0   0   0   55   65   0   17   0   0   0   0   3   0   0   0   0   0   0   0   0   0   0   0   0   3   0   0   0   0   0   27   0   0   0   0   0   0   0   0   0   0   0   0   0   0   0   0   0   64   0   0   0   0   0   0   0   0   0   0   0   0   0   0   0   0   0   0   0   0   0   0   0   0   0   0   0   0   0   0   0   0   0   1   0   0   0   0   0   12   9   0   0   0   40   14   0   0   0   0   0   0   0   0   0   0   0   0   0   0   86   0   0   1   0   0   7   
0   0   0   8   65   0   36   0   0   0   0   1   0   41   0   1   0   2   0   12   0   9   0   0   14   0   0   1   0   2   5   0   0   0   0   0   0   0   0   0   4   0   0   0   0   0   11   0   0   294   0   0   0   0   0   0   0   10   0   0   0   0   0   0   0   0   0   3   0   0   0   11   0   0   0   78   0   0   0   4   26   0   0   4   0   0   0   0   0   0   0   0   0   229   0   0   0   0   12   0   0   0   0   0   2   0   0   0   0   0   0   0   0   0   0   0   0   0   0   0   
0   0   0   297   71   0   0   0   2   0   8   0   0   0   0   0   1   0   0   2   0   15   0   0   0   0   0   0   5   0   0   6   33   0   0   40   0   0   0   0   0   0   0   0   18   3   0   0   0   0   0   118   0   14   24   0   295   0   0   0   0   0   0   0   0   0   0   0   0   0   0   0   2653   0   0   0   0   0   0   0   0   0   0   0   0   0   36   0   0   0   0   0   86   0   0   0   0   18   0   2   0   7   0   0   0   54   6   41   0   0   0   0   3   0   0   0   0   0   0   0   
0   0   0   0   0   0   11   0   0   0   0   30   0   0   0   0   0   0   0   0   0   6   0   0   0   0   0   0   0   0   0   0   0   0   0   0   0   0   0   18   0   0   682   0   0   0   0   0   12   0   12   0   75   17   0   0   0   0   37   15   0   0   0   0   17   0   100   0   2   0   0   0   0   0   0   0   0   0   0   0   0   0   0   0   0   27   0   17   0   0   0   292   4   0   0   0   5   0   0   6   0   0   0   4   0   0   3   4   0   11   0   0   0   24   0   0   0   0   0   3   
0   0   0   11   0   0   0   0   0   0   0   0   0   0   0   0   0   0   0   0   0   0   0   0   2   0   212   0   0   0   296   0   0   0   0   0   9   0   734   0   0   0   0   0   0   0   0   0   0   0   0   0   0   0   0   0   0   0   0   17   8   0   0   0   0   11   8   0   0   0   0   0   229   0   0   0   0   0   0   0   0   0   0   0   0   0   0   0   0   101   0   0   0   0   0   0   0   0   0   0   0   19   0   0   0   0   0   0   0   19   0   0   0   0   0   0   0   0   0   0   
0   0   27   0   0   0   0   37   0   0   0   0   0   0   0   8   0   0   0   24   0   13   0   0   0   0   5   0   3   0   8   0   0   1   5   0   0   0   4   0   0   0   0   2   0   0   0   10   0   86   0   0   0   0   150   0   0   0   2   0   7   1   0   0   8   0   0   0   0   0   0   0   0   0   31   0   0   78   1   0   4   0   0   0   0   0   0   0   0   0   0   0   0   0   0   3   0   0   2   27   0   0   0   0   294   64   0   0   0   0   0   0   0   0   0   0   0   0   0   0   
0   0   0   0   0   0   0   0   0   0   0   0   0   0   0   0   0   0   0   18   0   0   0   0   0   0   0   0   0   0   0   0   0   0   0   0   0   0   0   734   100   0   0   0   0   0   0   0   3   0   0   0   0   0   0   0   0   2653   0   0   0   0   0   0   0   0   0   0   0   0   0   0   0   0   0   57   0   0   0   0   0   0   5   0   0   0   10   0   0   0   0   0   0   0   0   1   0   0   0   0   1   0   4   0   0   0   0   0   0   0   0   0   0   2   0   0   0   0   0   0   
0   0   0   0   0   0   0   37   0   0   0   0   0   0   4   0   8   0   21   4   0   28   0   0   0   54   0   0   0   0   0   0   0   0   8   0   0   13   0   27   0   0   0   0   0   0   0   0   0   0   21   0   4   0   0   0   0   0   0   0   0   0   0   0   0   0   83   0   0   8   0   0   6   0   13   17   0   0   8   0   0   0   0   0   0   0   0   0   0   0   8   0   6   0   48   0   0   0   0   0   0   0   0   0   0   0   0   17   0   0   0   10   5   0   0   0   0   0   9   0   
0   0   0   11   0   0   0   0   0   0   0   0   0   0   0   0   0   0   0   0   0   2   0   478   0   0   16   2   0   0   0   96   0   101   0   0   58   0   0   0   0   0   12   0   0   0   0   0   31   0   0   0   0   11   0   0   6   6   4   0   0   0   2   0   0   18   0   0   0   0   0   0   5   0   0   0   0   97   0   2   0   0   0   0   0   0   0   0   7   0   27   9   0   0   0   0   0   0   0   0   0   0   0   0   24   0   0   0   0   0   0   0   13   0   0   0   0   0   0   0   
14   0   0   0   0   0   0   0   0   0   0   0   0   0   0   0   146   1   0   0   0   0   0   0   57   0   0   86   0   0   0   0   0   0   0   2   0   0   116   0   0   0   5   55   0   0   13   0   0   0   0   295   0   0   0   39   0   0   0   7   0   0   7   0   0   0   0   0   0   0   6   0   0   0   25   0   0   482   0   0   0   0   0   0   0   0   0   0   0   0   0   5   0   0   0   0   0   0   0   0   0   0   0   0   0   0   87   0   150   0   45   0   0   0   0   1   0   0   0   0   
0   0   0   0   8   0   0   0   0   0   0   0   1   0   0   0   0   0   0   0   0   0   0   0   314   0   0   0   0   0   0   0   116   0   0   146   0   0   0   0   0   0   0   71   0   0   0   313   0   0   0   12   0   0   0   0   0   41   0   0   0   0   0   32   7   0   0   0   0   0   1   0   0   0   0   0   10   0   0   0   0   314   0   0   0   0   0   0   0   0   0   19   0   11   0   0   5   0   19   7   0   0   0   0   223   0   0   0   0   0   0   0   0   0   0   0   0   71   0   0   
