120
0   9484   0   141   24200   0   0   1596   2500   0   0   5281   151816   35389   0   0   0   0   0   0   0   0   272   219   0   60210   57080   0   48   0   23   0   1381   3386   0   10625   0   0   0   0   0   0   0   0   0   0   4042   0   272   0   64257   0   281709   0   0   989   4480   0   0   0   0   16662   0   0   0   3837   0   0   0   0   0   15826   1311896   0   0   0   21837   0   31177   0   125510   0   0   0   146027   307   0   61662   0   864   2790   23894   6562   121   0   0   0   2695   121   0   21312   0   0   0   0   0   0   439   8759   11402   31642   0   0   0   0   0   0   57   0   24261   
0   0   2500   0   0   0   0   595   0   0   0   78   0   0   2738   176569   0   0   0   0   0   0   649   869   0   0   0   0   0   0   0   0   0   9616   6348   0   1646   1355   4850   0   6462   0   48266   796   29561   16149   0   22889   0   0   0   0   4126   0   9982   0   0   0   10500   0   0   0   1028   0   0   0   22092   818   0   0   0   0   11900   0   52596   439   0   864   0   0   72564   668   0   23   0   0   81   687   77354   190   9213   8039   989   0   61582   0   15066   0   21600   9034   0   0   0   0   115776   0   0   0   279565   1340   0   15   0   117   744   0   0   80   250712   19987   
1175497   0   0   0   0   1913   0   0   6626   7687   0   0   0   5672   0   0   274974   0   105642   0   1434   0   0   34176   0   0   0   0   0   0   134854   18729   41894   0   1528   24746   0   0   8054   0   0   1351   0   24709   0   0   0   4657   0   0   0   15109   0   797   0   0   96   1736   0   328   3210   0   0   47253   0   0   0   4042   0   0   0   0   819   2000   0   5698   0   0   0   0   47382   0   0   0   151816   0   0   0   13718   0   0   0   0   0   0   0   12200   322545   4719   0   0   19555   1000   0   0   990   141   0   0   0   0   0   59269   60410   307743   0   0   0   0   0   
0   0   0   0   2790   0   0   0   3903   0   0   0   0   0   61582   0   84253   0   409   0   0   117   0   0   10   0   0   0   990   4831   10223   0   7836   20642   834   0   15478   0   0   21312   19555   37142   3605   31177   0   356   9982   0   10211   0   2270   0   9283   0   1528   9658   0   0   0   815   0   0   57303   0   238081   4787   0   0   0   0   0   0   0   0   2122   0   0   1222   7002   3630   0   74190   0   0   0   0   0   39094   50273   0   0   176569   0   424   0   0   0   9827   4122   0   0   8635   0   43541   0   0   34497   0   0   0   487   26661   0   0   8054   0   5560   0   0   6237   
20642   0   0   0   0   0   10204   0   7044   77   629   0   31177   158   0   0   0   1821   0   0   96567   38523   0   279565   0   168606   5145   0   61662   23212   0   5527   0   0   0   2853   0   0   0   62   42   16242   0   0   0   5480   973   0   32100   487   278638   77   0   988   0   5   74190   0   2516   4831   0   0   410   0   0   0   2542   1602   0   8741   781   2738   0   0   68   1583   38523   0   7235   2308   0   0   0   748   15228   0   1605   0   0   910   9403   0   33   11500   0   0   0   24   15637   4764   0   7273   24221   0   0   0   48266   0   0   0   0   44430   0   33   0   0   0   0   46961   15   
0   6282   2500   0   0   0   0   0   0   18464   0   5672   0   0   3592   2650   931   896505   15478   0   0   2133   0   0   12200   0   5025   127687   0   1543   0   7978   0   61582   66232   0   0   0   0   24261   0   57   0   0   212162   272   0   1434   448   8897   281709   436   0   0   3984   1270916   0   30168   0   11402   0   0   43541   4837   0   11812   0   0   169156   0   18729   1314   0   7843   9476   910   11313   0   0   0   8781   278638   0   0   0   0   0   281709   0   0   41894   30168   0   0   1028   0   1119   0   192945   0   0   0   0   0   5464   6691   307   13839   0   7859   0   0   0   0   4021   0   199396   0   0   199396   
0   100474   0   0   0   15083   0   0   10999   1777   0   0   0   0   0   7210   59269   0   11297   0   0   0   20502   0   0   247719   8039   7956   0   13393   0   21449   0   0   5277   832   112865   7836   0   1743   0   0   0   0   0   115776   9885   439   0   38   0   0   74190   0   0   0   0   82117   0   2270   4152   64257   0   0   0   0   0   10223   1502   2738   0   0   0   6562   0   11402   0   0   60410   36022   0   0   28321   6626   0   0   0   0   0   0   0   9212   0   0   0   0   3592   0   0   100258   1543   0   0   0   0   0   0   567   0   1769   0   0   29   17396   17321   0   0   0   4823   26079   
0   0   0   185227   0   11900   0   0   356   82181   0   428   0   1602   3415   0   0   0   0   0   11   0   0   0   0   0   0   4126   24813   0   117   0   9283   127687   0   0   100258   0   252   0   60678   5527   0   169156   23654   15228   24813   0   0   0   221   0   2965   0   111712   10   1543   4512   0   0   54089   2065   1528   0   0   0   3483   456   0   0   6951   0   0   4152   0   0   0   47   4021   0   19555   23276   0   307   425   0   0   0   4764   0   0   10204   0   0   0   1438   0   25872   0   380   0   0   0   1236   0   684   1438   0   0   112865   744   0   0   0   0   903   0   0   0   0   
815   8781   27811   406   73665   62   0   19046   0   0   0   0   5291   2500   0   0   0   0   0   0   0   1279   0   11402   0   0   990   111712   0   47   0   0   59963   2449   5480   0   26173   284159   15083   0   4657   105642   0   33   0   0   0   0   0   185227   0   0   24813   0   0   0   17440   0   272   103   2436   11989   0   833   7294   400562   0   9616   165196   0   12168   10103   161576   23618   0   0   0   1605   8008   13627   0   44430   0   23654   0   0   0   4831   0   0   0   0   4082   0   5992   0   0   8327   121   0   0   0   0   2516   15356   0   57548   0   0   0   16207   0   0   204   0   0   0   0   0   0   
0   20929   0   0   0   199396   4476   0   0   0   400562   0   0   0   218   0   0   0   0   2542   8759   1138   38149   0   0   14504   0   0   30803   1   684   4   0   0   0   6036   0   183283   5234   0   0   0   486   86   28792   0   57080   0   0   199396   0   0   2738   0   151816   0   0   0   0   0   0   34662   4512   36022   12270   0   7613   0   0   9   0   0   0   0   6691   0   0   0   0   0   0   0   0   0   0   12200   0   55885   23   0   6691   0   0   0   28274   0   0   424   0   5422   0   15478   6911   1502   0   0   0   1526   0   0   0   0   325   212162   0   0   0   0   0   0   
0   883   0   0   0   29561   57303   0   0   883   0   1175   0   0   0   0   0   0   0   0   11500   448   653   0   0   0   0   0   0   8738   1606   0   0   0   12815   0   0   0   55970   0   0   4837   70597   0   0   0   0   16823   0   439   0   24396   0   0   0   22359   104   0   9658   0   0   0   0   4831   0   0   0   0   0   0   0   0   2500   0   0   0   10483   23   0   0   645   0   0   458   0   0   1270916   0   0   0   0   8038   0   0   0   3605   0   0   2695   0   0   0   1374   0   23285   0   0   4831   1374   8038   4082   155365   0   0   0   439   0   3   0   0   
3016   17321   5011   0   0   0   0   55885   5437   30995   90353   0   0   0   0   0   0   0   878616   6951   22889   1000   0   0   0   16242   187   20597   0   10   0   10   0   0   30803   0   0   453760   8859   0   0   17983   160539   7687   11972   0   325   0   0   0   9034   70479   0   0   0   1101   0   864   34287   0   29561   3094   4512   0   33653   0   4180   133   18729   0   0   0   0   9767   146   8759   781   0   610   8825   27811   0   286112   0   0   0   3016   684   489   0   0   0   0   0   0   0   0   0   158   0   0   0   9212   0   1552   0   0   0   0   0   22092   0   400562   0   24813   21449   0   34287   19653   0   
4850   17388   0   5145   0   0   0   0   0   0   0   0   0   0   0   0   57   69551   90929   224   20777   0   169842   0   0   0   160   0   81   5277   0   0   15356   0   0   0   883   0   134   1311896   0   0   781   0   4152   0   10   74190   0   82181   6724   17724   0   0   8153   12996   0   82181   0   0   0   5025   8759   46919   69934   55293   0   0   0   26804   5365   6018   9283   0   1114   0   29420   0   0   0   0   0   0   69934   0   1837   0   0   0   19154   0   0   0   1596   4521   0   7859   0   0   35389   0   0   0   20151   12996   0   2554   0   0   0   0   0   30168   22251   1743   39532   35389   0   0   0   
0   0   84253   0   0   146027   1442065   18464   0   5277   12270   106   168606   0   0   0   0   0   796   410   0   0   0   0   0   0   808   0   0   8937   41012   6951   0   0   8039   0   9450   0   0   1311896   0   0   0   28229   0   29420   3247   0   0   11471   0   0   5289   13839   307743   47   10500   0   0   1442065   2407   0   0   23276   36022   0   0   325   29561   10223   0   896505   0   0   0   0   0   0   0   0   0   12168   1355   19   0   0   199396   0   0   43995   3618   97244   0   0   9767   10223   0   9212   0   0   18068   9283   31462   4671   363   0   190   0   64257   0   0   2158   100474   13627   0   0   0   0   0   213222   
0   22092   0   0   0   0   0   0   0   0   0   0   256   0   0   0   0   0   0   15228   1243   0   0   4152   0   16662   19   50273   0   0   0   0   239386   0   0   0   7616   0   0   0   0   7235   544   0   11   0   5480   0   89879   19154   4787   0   0   0   0   0   0   0   0   0   5153   0   0   990   37695   0   0   488791   0   0   0   0   0   1270   1243   115776   69934   0   0   11196   2336   0   0   3669   7273   26173   0   0   8   26661   1647   0   0   0   0   3618   39532   0   14504   600   0   0   0   687   0   0   569   40592   0   1311896   0   0   600   0   0   96   0   0   0   808   
0   0   0   0   0   218   0   25703   0   310   3630   0   0   78   0   0   218   6237   0   47498   0   0   4536   0   0   80   59963   0   0   0   0   0   0   0   0   0   0   85833   0   80   0   117   100258   0   59963   0   6543   0   0   6801   0   0   0   0   5725   0   8978   34530   96567   22092   0   2200   20502   0   1000   155   0   0   105537   188   0   23594   487   219   0   0   0   0   781   0   0   0   0   0   0   0   0   0   0   0   4512   989   9403   3618   0   0   0   2500   0   138908   57303   281709   0   456   0   0   0   42362   0   1528   0   55970   0   536   0   0   0   0   2227   0   
11005   13839   20   0   0   0   0   0   39597   0   57080   0   0   0   192945   0   0   0   1606   0   0   0   0   0   0   5441   1431   0   0   0   0   332   895   0   1422   0   818   0   0   0   0   152419   15109   52596   8163   875   0   0   0   0   0   4180   0   9   0   0   9403   15457   728   0   0   28224   0   0   0   8163   6036   36022   29561   13377   0   0   0   0   0   0   0   5234   0   0   20   0   0   1243   0   0   146   0   0   0   310   0   4657   0   37695   0   1175497   0   11005   0   0   6237   2349   7   0   95543   0   0   0   11167   7603   1606   1186   0   5319   7   0   0   13500   0   
0   10211   5863   0   18068   0   47253   6243   0   4912   0   348   3206   27743   488791   0   488791   0   0   0   2695   11471   19956   684   325   0   0   29561   0   0   0   1837   4846   0   0   0   0   1114   0   0   0   46793   48   0   135970   0   100474   33   0   8039   1753496   0   2853   0   0   295   9982   0   0   1175   2911   9   0   9213   11196   34176   0   0   9   0   8897   0   26086   0   125510   8897   176569   0   0   0   0   0   0   0   0   0   61662   193625   0   0   0   0   0   137501   0   0   31462   0   0   1032   0   11366   16271   183283   0   0   0   4480   0   0   0   0   0   0   0   0   0   0   108321   0   
649   0   797   0   8008   0   0   7616   0   0   0   0   1311896   0   0   0   0   0   0   0   6724   55885   17867   0   0   7978   0   0   0   11972   97417   73665   133   59269   4536   1837   0   0   896505   0   1663   0   26173   23   2100   11167   808   30803   0   0   0   38523   15457   0   0   0   11313   0   0   0   1736   0   43995   7371   2554   16149   4850   151816   0   0   0   1779   0   0   0   0   0   1740   0   409   0   13377   0   0   39734   0   4787   0   170160   0   436   0   0   4837   0   36377   1305   0   0   425   0   0   0   11   0   14502   121   5863   7235   0   0   6951   0   25872   0   0   410   7777   0   12624   
0   0   4484   26719   0   864   0   1434   2500   0   834   0   18315   0   0   322545   4082   213222   169842   0   86   0   5480   0   85833   5672   0   0   0   734805   0   4180   0   0   25660   0   0   7859   0   0   0   0   1365   0   6549   57080   0   0   48266   21600   7044   0   0   4912   8759   7777   0   0   0   73   16662   15109   32797   158   0   31177   1434   34287   117   66008   0   0   0   28321   875   59269   11972   3094   50452   2695   39271   0   0   7843   0   0   0   0   0   0   0   29420   328   103   0   9528   0   10426   0   4122   356   0   38692   28229   0   2046   0   1314   4126   1009   31642   0   7376   0   0   903   0   1583   0   0   
0   0   1777   74190   11402   28224   4311   9982   5672   4484   0   4152   0   16242   0   0   0   44524   0   0   0   0   22092   68   5480   0   0   0   0   0   11297   0   1024   6069   15836   0   0   1019250   252648   0   0   36842   0   0   2853   0   14504   0   825   52365   0   1028   0   0   0   0   7002   18251   0   0   0   7687   7680   0   1659505   9403   0   23654   448   7603   0   332   0   29438   0   39734   0   0   0   0   0   256   0   9995   0   0   0   8825   0   0   0   0   0   0   380   0   0   0   0   47   0   405   103   0   0   0   11471   0   0   0   38149   438   18068   8446   0   12815   0   0   89879   0   
26804   0   7836   0   0   0   0   465605   0   19   11055   0   19956   9827   0   0   0   0   15083   0   0   0   1270916   0   81   32882   0   23212   0   0   42   28224   12238   57   0   0   0   15826   0   0   43541   12200   2270   36432   2436   0   1740   0   0   272   0   47   3094   36432   15356   6626   0   0   0   0   0   0   0   0   0   1646   0   0   29   0   0   0   0   3386   11005   2516   7294   0   684   0   0   0   0   4152   12039   0   931   0   0   0   0   3016   0   60210   17388   0   0   19063   0   807   1009   0   0   0   183283   5145   0   0   0   5744   744   0   0   0   0   0   0   0   0   0   
895   1663   4536   0   3483   0   0   0   0   37695   0   0   0   0   6471   11   0   600   0   1779   0   19279   0   815   0   0   0   0   0   858   15854   0   0   0   0   0   3605   0   507   0   10223   0   0   7044   44430   164434   11293   0   199396   0   561   0   307743   0   0   0   80   0   17396   0   0   1566   0   154758   29438   0   45   3669   0   0   0   0   0   0   0   1740   3984   0   9444   488791   544   0   0   0   0   0   33   0   645   0   1769   0   0   0   0   0   127687   8937   4646   0   11757   0   0   0   0   30   973   23032   17388   3592   0   0   0   0   0   15478   2650   70351   5744   2453   
0   0   0   6038   8008   0   0   0   0   0   19046   0   11196   796   11293   61662   7   0   170160   37695   0   2965   3016   0   0   2853   489   7687   0   0   0   1777   10159   0   1837   41894   0   481   48   0   0   0   169156   0   0   73665   448   0   9885   8153   0   9213   7   0   72564   0   10500   24675   0   0   0   0   0   0   28321   0   0   0   59963   0   0   486   0   48266   0   7376   1009   1663   3841   0   48   13377   21837   0   7715   0   784   0   0   0   0   19   32100   0   82117   356   0   0   0   0   0   0   453760   0   0   19555   0   0   0   8851   0   2164   19063   0   47253   3481   0   0   0   1471   
11500   0   0   252   252   0   0   424   51705   11167   0   26661   16149   0   51705   325   439   0   0   0   0   4646   0   0   0   7371   11039   64257   489   0   19586   5365   0   7   6543   0   653   0   2065   0   0   0   0   41152   0   19154   5798   1180   0   0   0   0   432   1605   0   0   0   0   4311   0   10426   183283   3110   0   0   0   0   238081   45   0   0   42006   0   38523   0   0   0   0   0   1024   65   13718   10   0   464   0   1279   272   0   38149   4536   4122   0   2168   22820   0   797   0   0   8781   0   1224   0   46919   24261   0   11402   57289   77   0   0   6018   400562   0   8851   15637   11500   10405   272   0   
100258   32100   338   0   0   3409   0   0   0   0   0   0   0   40242   6069   0   0   0   22889   8825   0   0   0   243170   0   0   5291   0   0   8741   2877   0   0   0   0   7836   0   0   0   0   0   21837   0   446   0   0   0   0   818   3118   0   15109   0   0   0   875   0   4042   80   0   0   0   0   0   0   0   11005   5802   0   0   0   0   0   0   15478   55293   0   2680   0   0   0   5289   0   0   10211   0   81469   8   0   4152   0   0   0   0   23   0   0   0   0   33   17321   1279   0   0   0   0   0   252648   0   26079   279565   6245   0   0   0   0   7680   684   0   0   
0   0   4646   1024   24746   0   0   0   0   11500   0   18464   0   47   2738   0   0   2436   10625   0   0   0   0   46919   24542   50273   0   47365   38692   815   11900   0   0   43541   0   36842   0   864   17724   0   0   0   0   1736   3630   0   2516   0   0   0   105537   0   0   6801   0   0   0   31462   0   0   0   0   436   1434   13814   0   0   0   0   1659505   40242   37142   0   1365   0   60210   0   0   30168   0   0   13718   0   4719   0   3094   10342   0   0   0   0   15228   20642   0   160   0   13377   0   13839   0   0   0   0   21449   0   4755   0   0   0   0   1028   0   1186   3059   108321   0   5776   0   0   0   
0   13377   0   0   0   0   0   0   0   0   7622   0   0   322545   0   834   2158   0   64257   465605   137501   1769   314   0   0   0   0   0   0   0   0   0   784   0   0   0   3676   138908   0   28321   68   0   0   7294   595   0   0   0   0   4671   238   0   0   0   4719   7210   18464   5527   20929   0   0   0   26086   0   0   0   0   6724   2271   0   8   5145   111712   41894   9767   0   17867   1270   0   55293   0   77354   11402   3187   0   0   2336   0   307743   0   221263   4042   5289   0   0   0   4122   0   0   0   19653   0   0   19046   0   0   0   0   0   485   0   0   0   4831   7836   0   2779   13306   649   57   
0   0   4831   0   4837   8153   0   931   0   0   64257   0   23   50452   0   28385   188   0   0   0   0   0   0   18729   55293   2738   14504   0   0   0   7859   0   0   0   437   0   15228   0   0   0   8859   281709   0   37695   169156   8908   0   0   82181   0   86   1279   2650   6111   7   41012   0   0   218   0   2100   0   0   0   0   44105   0   4787   0   7651   36377   57080   238   0   0   47382   13814   0   0   0   2227   0   5425   81469   1624   0   6724   0   0   0   0   0   9   0   0   0   0   0   0   0   465605   0   0   0   24187   0   18251   41012   0   0   3386   47365   8897   2057   0   11055   0   8851   105642   15   
0   0   0   37142   0   0   0   6237   0   0   0   0   808   10483   0   0   0   0   0   0   6543   0   0   0   0   3676   2271   0   23   0   1032   0   1355   4382   0   14822   18068   0   0   50452   405   0   42006   5744   0   0   0   0   84253   0   0   15829   0   0   2911   8446   45   9   183283   0   0   0   10211   103567   0   0   0   0   0   0   0   6245   0   0   0   112865   42362   16   0   734805   0   0   1526   0   436   24542   0   0   0   5319   0   0   0   0   0   0   0   11530   1340   72   0   0   0   3059   1543   0   5281   5725   0   2867   78   945   659   0   0   97244   31462   5291   15826   0   
0   0   54089   0   100258   3806   0   41362   0   0   17475   9212   4755   9444   0   0   0   0   5744   4719   0   10342   0   0   0   7371   0   247719   0   0   0   0   103   0   448   4646   1388   4389   0   8   0   1279   9450   4521   4180   0   0   0   0   47498   0   0   77354   362573   0   0   0   0   0   0   0   190   3984   0   1552   39597   0   0   0   60210   0   0   0   0   11196   784   0   0   458   2168   7715   1024   10   0   0   0   0   0   272   0   0   0   24187   0   0   0   9484   0   176569   10385   0   0   69551   0   1543   1175   0   0   0   0   0   0   0   0   5234   218   5560   0   0   103   
4536   0   0   60678   0   0   0   0   0   0   0   0   70597   1311896   0   903   0   0   0   793   38   0   0   36022   0   0   0   0   34497   0   0   0   0   0   0   1243   0   0   0   37695   8153   0   12996   0   363   23894   0   0   15109   3618   7651   0   544   25100   23212   265   0   0   0   9528   0   21449   0   0   0   16724   0   16271   0   272   0   35646   6801   2000   10   0   0   0   8825   0   0   0   668   0   0   0   0   0   146   645   0   0   0   819   57303   0   0   0   90353   20642   7859   2500   28250   0   0   47   20777   7859   33653   0   5413   0   73   1528   0   0   0   20   0   0   
0   5365   7581   11900   12168   0   0   0   0   41152   887   24200   744   0   0   20642   488791   314   0   1528   0   2407   0   27743   0   0   0   26086   2277   833   0   0   0   989   0   0   437   0   77   26079   0   4065   45   0   3676   14822   16823   0   0   0   0   981   2433   96567   322545   0   100474   0   0   797   0   869   0   0   0   218   0   2680   1743   82117   0   0   0   0   0   0   0   0   169156   0   0   26804   219   0   0   2779   350   0   0   11297   0   0   0   0   112865   8039   0   0   10342   2737   0   0   0   4764   137501   0   0   610   439625   0   0   0   19555   0   697   0   4657   0   17396   0   
0   0   2270   0   0   0   0   34530   44881   0   0   57   0   595   0   0   0   16724   0   0   0   0   218   0   0   0   6626   0   0   9658   6543   0   8908   0   0   0   0   0   10103   0   0   0   0   536   1471   2449   0   0   0   0   62   0   0   815   4823   0   0   7002   0   0   989   0   0   0   0   23894   0   0   0   0   0   3386   0   254   0   2270   18315   0   1019250   0   0   0   0   0   50452   0   28250   0   0   3676   0   0   6111   0   0   0   0   0   0   0   808   0   0   21   0   2336   481   0   536   0   0   3094   27367   0   17983   0   464   1   0   1526   
39597   0   728   3592   0   9212   807   0   30803   0   0   0   0   219   0   29   0   7026   0   0   0   0   0   5422   0   8054   0   784   219   0   0   12624   0   0   0   989   0   0   0   0   1777   0   17396   3806   31177   2424   797   0   0   0   0   0   0   0   23060   0   21449   0   0   11366   34530   0   11297   6245   75   15356   0   597   0   0   0   0   0   395428   0   0   0   238   108321   348   8327   16242   0   12238   0   161576   600   47498   2057   24   0   0   12760   36308   0   0   0   8781   60410   2158   4   24542   432   0   395428   84253   6562   127687   0   28250   0   0   0   0   2349   105642   9827   3521   35646   0   
649   0   19046   0   64257   561   0   12039   8054   0   1381   0   15457   0   0   0   65   464   24200   0   20597   86   0   11900   0   0   2730   0   0   10   90353   5234   1270   0   141   0   0   744   1540   0   0   11055   0   0   10   0   1365   3630   0   0   0   0   4382   0   0   0   0   4912   0   0   1305   561   0   0   4382   0   436   24813   0   0   47253   33653   16   0   0   0   0   61662   281709   25660   19063   0   22092   25872   0   0   0   221   23032   0   307743   152419   9616   2200   0   0   0   2133   0   0   47   0   168606   0   0   0   6   26661   0   0   0   24746   0   0   10159   0   0   57303   219   0   
0   0   0   5464   69551   9528   2867   134   6796   0   81   0   797   0   15228   0   0   46793   0   0   0   0   1543   23   0   278638   0   0   0   0   0   1528   425   0   33   0   0   7376   36308   489   1583   0   26079   109   0   5289   0   41012   4484   0   973   0   0   160539   0   9   0   40242   0   11005   3079   247719   106   0   0   0   0   0   0   19586   0   11402   0   109   0   2133   0   127687   15083   0   12996   437   0   7895   4382   7715   0   1243   0   0   0   10342   0   1736   807   0   11196   0   4122   0   6036   13393   41012   0   0   0   0   3016   3059   4152   0   0   13393   0   1180   15356   0   2315   0   7843   
1736   0   6951   73   0   27367   453760   4377   0   0   0   0   28385   0   0   0   1270916   0   438   23276   0   0   0   0   0   5725   29420   7978   0   0   0   0   0   405   272   0   0   0   0   10559   0   0   0   0   2158   16242   2867   0   3288   0   96   0   0   0   134   6796   7956   0   1028   0   0   4536   10204   47   0   0   0   0   19292   0   0   0   0   0   39597   0   5480   0   0   4834   0   12039   115776   41362   22889   446   2636   0   0   0   793   1311896   0   274974   808   0   0   0   5480   4837   0   0   4   0   0   26086   1   20929   78   0   0   0   0   0   0   380   213222   0   0   7371   
0   61662   0   15   0   0   0   0   12168   0   0   0   0   405   0   0   0   20   0   36842   0   0   19987   2500   44430   8859   0   19586   82181   0   0   0   0   832   18068   254   187   10625   0   0   17440   0   0   0   0   4912   0   0   50452   0   1659505   0   0   544   1663   0   2200   0   0   869   0   0   7703   22820   0   807   0   486   0   85833   403887   0   0   0   0   41152   0   0   0   1355   0   0   0   36022   0   7859   1024   74190   10211   78   0   0   0   57   0   0   2695   8327   0   0   0   6243   52365   0   0   62   0   0   0   0   2779   0   0   0   0   0   7376   463   34662   4126   
0   0   0   3409   0   36432   41   39734   3288   0   0   0   0   0   338   22251   0   649   0   0   0   23285   0   784   0   0   979   0   29   24261   25023   0   1753496   328   0   0   6   1031738   0   0   793   0   8908   0   11055   0   0   0   1314   8781   0   1659505   0   15637   0   19154   0   0   0   5277   90929   403887   39597   23276   3676   2065   0   0   60678   4657   0   0   62   0   12168   0   0   0   0   0   7273   0   11005   4912   0   0   0   0   16724   3592   0   52365   35646   1381   0   50273   0   0   15854   161576   0   0   0   146027   487   0   0   8897   0   39271   424   0   4850   7044   36377   265   51705   0   0   9982   
0   0   0   8781   0   0   0   0   0   0   0   170160   2965   6036   489   2270   0   0   0   0   403887   23   169842   0   0   13814   2449   0   0   1279   0   878616   0   3483   0   0   0   858   0   0   0   1552   0   0   0   465605   0   0   0   2516   0   0   0   0   0   2000   0   458   0   0   0   1236   0   8859   24200   7843   7703   60410   55293   0   272   0   155   0   0   0   11812   15228   7044   44105   30168   6911   5744   0   0   0   1913   12624   11402   146   1101   47365   0   0   0   0   0   60678   0   0   10159   0   0   1388   0   85833   0   0   0   0   0   15457   537   0   0   34662   0   42362   0   11958   
0   0   12815   1150   90929   11812   47   4122   0   0   0   0   2315   0   5291   0   0   61582   0   0   0   0   910   4042   1224   0   193625   117   1186   0   36377   2090   0   2336   279565   12624   0   47   0   990   19046   0   1526   9   0   0   0   0   0   0   3806   869   2100   0   11812   0   0   6038   137501   485   0   0   0   0   0   0   486   19335   15109   5802   0   0   33   6245   0   464   0   0   0   0   0   0   0   0   0   0   1114   10103   1624   219   0   0   0   0   0   6018   22359   0   0   5   481   115776   151816   125510   0   19064   23032   0   0   0   0   0   0   0   0   0   4764   0   0   0   
33653   0   86   734805   380   6801   0   0   0   0   0   1114   0   0   0   0   0   1032   18729   0   0   15356   19   0   161576   684   0   4450   0   0   973   0   0   27811   0   0   1438   169156   0   0   3984   10405   0   0   15109   310   0   0   26719   0   595   0   7978   989   0   0   10385   3481   0   0   561   0   0   903   0   464   0   0   0   0   21   0   34649   0   0   0   0   1837   0   0   0   0   0   15109   0   3806   0   0   0   4377   0   3618   3187   5802   11500   0   0   0   0   0   0   0   0   10223   10426   0   0   30995   0   0   3187   0   0   0   979   0   0   0   4719   15   
5291   0   24675   0   0   0   1779   0   0   0   2308   0   0   0   0   0   0   31642   797   47382   0   3386   1314   0   0   12996   0   55885   0   7616   15826   5153   0   0   1431   387312   0   0   31196   218   424   11313   0   0   400562   0   0   155365   0   0   2453   0   5776   5   0   0   0   0   252   7651   1659505   356   0   11900   20   0   0   14504   18464   2779   432   0   1180   51705   0   8054   6036   0   9   23894   0   597   27743   7581   272   0   1810782   57289   0   0   0   67   26661   0   0   0   9034   0   9   0   16242   0   0   28274   10625   20777   0   0   0   0   0   0   25100   0   5011   0   9528   0   0   7687   
2407   0   219   0   20502   808   29   1024   0   0   0   2164   0   912   8741   0   39532   0   6462   8038   36842   0   8759   23276   0   8978   0   78   0   0   2877   0   84253   0   1602   39597   0   0   0   5   158   0   19154   0   0   6471   11989   1471   0   62   0   11167   0   1810782   0   362573   38149   16207   0   0   5464   0   0   5992   0   1243   0   0   219   989   7   19956   0   0   0   0   0   0   0   4042   0   744   47382   0   13497   0   6243   62   0   0   34176   0   19292   0   4837   18251   0   57080   0   0   0   11005   878616   0   4311   0   3094   141   0   0   284159   0   6243   7294   29561   3841   0   0   0   0   
0   0   0   0   15066   247719   18315   0   1526   0   338   0   6   363   456   0   0   0   0   0   7294   0   0   0   0   46961   103   3079   0   0   0   0   0   0   0   1526   0   0   4880   488791   0   16   82117   0   887   0   0   8738   697   0   5145   0   9982   0   0   103   0   3618   0   0   0   73   0   21312   67   0   0   0   0   0   61582   0   9213   4082   0   52365   5698   0   0   3605   0   0   4805   0   46919   0   6018   97417   7026   0   1438   0   439625   22359   875   6801   0   0   0   0   0   7   0   0   86   2315   3   250712   2695   0   2168   55885   0   0   0   2453   18729   17724   31177   1471   
0   0   0   0   0   0   0   250712   0   24261   0   0   0   0   0   0   0   103   16242   26661   47   168606   0   0   0   0   0   22957   4122   0   1431   0   0   456   55293   1647   4646   34530   29   0   973   17475   544   3669   0   0   0   1224   265   0   0   5441   21   0   43995   1236   0   0   0   0   0   0   0   19586   13172   0   43995   0   0   0   1624   0   57289   0   0   437   26719   0   0   3206   0   0   0   0   0   6691   4912   14502   0   0   5011   19046   160539   15637   0   0   0   0   0   9450   0   41012   0   0   0   0   16149   0   57   0   41   254   2   0   23032   0   43541   0   1646   0   
0   0   0   0   0   0   0   0   1236   18068   4311   86   0   7273   4152   0   36308   0   158   0   121   0   4646   103   21   0   0   28385   0   1355   0   0   0   2636   0   0   0   238081   238   0   28321   11402   44105   0   18729   1779   0   0   199396   0   0   15836   0   61662   0   0   0   0   23212   2779   0   0   5437   11900   0   7581   0   33   254   41152   0   70597   0   687   0   0   0   27367   19063   0   0   0   0   9484   0   0   0   0   19   0   4646   0   1740   4042   204   0   0   13718   0   0   4   12039   0   0   0   51705   0   0   134854   0   0   170160   0   155365   0   1434   0   0   108321   0   
34176   96567   0   0   0   1000   0   0   1740   0   38692   5277   0   12996   4476   2695   0   9   0   7376   0   23618   0   0   103567   9767   0   0   0   0   0   0   73665   2500   0   6018   0   0   2865   0   0   0   0   0   0   0   96   0   0   24746   0   0   0   0   0   0   2227   2277   199396   0   0   0   0   0   6237   0   380   0   0   0   0   24542   0   40242   8054   11196   1528   106   2270   0   0   5480   0   0   2554   7613   77354   7026   0   0   0   0   0   4755   0   0   0   0   0   0   0   0   0   910   0   0   5802   0   1180   14504   18068   0   0   0   0   0   0   0   0   0   
2200   103   0   3483   3110   0   0   0   0   12238   1647   72564   0   2853   0   10   35660   0   3187   0   0   20777   103567   0   32100   1340   0   31196   0   569   278638   0   19154   1810782   8897   13393   0   0   0   653   0   0   4311   39734   33   356   3669   7341   111712   0   29420   0   0   2122   52596   0   0   24200   0   28321   41152   0   0   0   0   5744   0   0   0   0   489   33653   0   8446   50452   0   11167   6520   0   15826   0   456   4671   748   0   154758   69934   1222   0   75   9450   0   0   21   8978   0   0   807   22957   834   1736   38   0   0   0   8759   1305   0   4269   70479   2407   0   0   0   878616   3110   11313   10342   734805   0   
0   0   0   32100   41152   41362   17321   2737   0   0   0   0   0   0   22957   36377   50273   0   0   4512   1434   8978   0   2271   72   0   0   0   0   668   7581   0   32100   0   0   0   0   0   0   0   0   37142   0   19063   218   544   0   446   0   3415   0   13497   0   0   0   31462   3745   687   8153   3409   3700   0   0   0   190   5698   31196   0   12039   10426   0   0   0   0   26173   1663   0   0   0   0   0   4823   0   24261   629   0   2158   4480   4831   807   34530   875   0   6282   0   24396   1647   0   0   0   485   0   875   0   0   0   1114   0   9528   0   9   26719   0   0   137501   82117   0   10223   36842   0   
82117   111712   26173   0   0   26719   2433   0   160539   32797   9213   0   0   37142   0   6069   2046   1374   0   2057   0   11167   0   338   463   7   0   0   0   1175497   9982   0   0   0   0   2133   793   516037   0   29420   0   97417   0   2168   0   0   0   0   0   832   0   0   0   57548   6520   0   0   0   4958   16207   13627   41152   1566   7616   338   28050   4476   0   0   16999   0   5   0   24813   14748   0   0   95543   97244   10999   0   0   21   13783   0   7371   5319   485   0   25023   6951   0   0   0   77   0   0   0   0   0   0   0   0   0   0   4021   0   659   0   0   0   0   10385   2100   25872   0   66008   0   0   0   
0   4180   18251   0   77   0   0   645   10625   10483   3386   0   0   0   1663   0   0   20597   0   5776   33   29438   2090   0   0   0   0   0   0   0   0   0   0   0   46961   0   988   0   57   0   40242   0   10103   5234   0   8327   0   0   0   0   3903   0   0   0   2227   0   16207   19154   73665   6018   0   41012   7371   1000   797   796   0   0   11366   5025   0   7680   64257   1340   0   5145   314   3059   8038   0   0   2407   4850   0   0   52365   0   11196   0   0   11297   6243   7026   4834   0   11293   600   0   0   0   24221   0   395428   70351   15457   0   21312   0   0   6245   47   42   595   0   0   8635   0   0   0   118711   
438   0   0   0   9658   154758   0   436   1602   41362   1374   0   0   4755   0   0   3521   2500   0   0   0   0   46961   7273   82117   0   875   0   0   0   0   0   48   0   356   176569   0   0   38523   0   0   1779   19154   24542   0   4382   274974   0   3079   0   2168   3521   4965   0   0   15457   516037   0   11530   0   815   0   9212   57548   0   0   73708   0   0   453760   3386   7622   0   47253   1028   57   11900   0   0   0   106   0   1031738   0   74190   0   0   869   15066   10426   0   7294   2315   1526   0   0   0   0   990   973   0   73   0   896505   0   256   4042   0   4831   0   0   19   0   26173   25660   0   0   0   0   1175   
0   0   0   73   0   0   20   597   0   0   0   307743   37142   0   146027   2122   1602   0   95543   0   439   85833   2650   0   15066   36842   0   19   70351   0   46919   0   0   645   0   69551   8738   11196   464   16823   0   0   47   0   0   0   481   0   247719   0   138908   0   0   0   0   0   0   0   41012   35389   0   7687   1175497   23060   0   7616   0   7613   8978   0   0   0   7622   0   0   3288   34497   0   1913   36308   0   187   0   0   0   0   0   57080   1646   0   0   0   0   0   16271   0   0   24   1502   0   0   0   903   0   57548   0   0   19064   104   0   2200   7687   0   0   0   0   0   43995   33   2424   
0   0   0   161576   0   0   0   3187   103567   0   0   0   0   57080   0   0   53716   6543   0   0   0   0   0   0   16149   0   728   0   439625   0   0   155365   0   272   7   0   0   0   48   931   38149   0   0   0   15836   794   0   2877   2730   1566   4912   4450   11530   12760   0   0   0   0   82117   192945   0   281709   152419   437   322545   0   11500   72564   649   0   4521   0   9767   238081   7843   10211   8038   0   0   1031738   19292   279565   0   0   3618   0   22359   41012   0   0   4377   1753496   4787   52596   192945   0   243170   0   3386   27743   1753496   0   160539   54089   0   0   0   29438   221263   13393   0   9827   5527   6069   0   0   0   183283   0   13393   
0   0   834   0   0   0   0   0   0   0   1471   0   0   0   0   24675   11293   5698   394   11313   247719   0   160   0   105642   489   4480   0   28224   168606   2436   0   0   11471   409   15478   8978   0   0   0   0   1624   10211   0   15637   0   109   0   0   9528   684   0   0   219   0   5145   0   0   254   0   0   1422   0   485   0   9450   33   0   0   0   0   0   0   59963   0   0   0   6911   0   0   0   0   0   22359   0   5289   11196   0   69934   0   0   0   252   0   0   0   629   0   0   72   69551   0   0   0   0   9034   0   0   0   2867   16207   2965   0   19046   2790   97417   0   833   47365   895   
272   2730   0   0   1355   1837   0   3   0   2090   14748   649   0   0   0   73   62   14822   0   0   5365   6801   75   0   0   2   0   0   0   0   190   250712   0   10898   0   4755   11972   8741   21449   0   0   0   17440   1024   0   0   0   0   9212   168606   0   0   0   0   0   17475   0   0   0   0   0   12168   0   13500   24200   2122   0   0   0   0   11313   118711   931   0   0   7680   0   0   0   0   0   0   24675   0   24261   0   0   0   2853   0   0   0   0   0   16999   784   0   22251   0   23   0   0   7044   25872   0   0   39271   1736   0   0   4805   0   0   0   6243   20   75   0   22889   0   
0   0   12624   0   30840   0   44524   419   0   0   0   0   10204   1422   19046   11650   4450   0   17440   0   0   0   0   0   10625   0   10342   0   0   0   0   0   0   0   0   6282   1624   794   57303   0   0   0   0   0   30803   0   12624   0   0   0   10385   279565   8741   0   0   0   13393   0   0   30840   0   0   77   62   0   0   864   0   0   21837   0   19653   781   0   0   15637   0   29561   0   0   0   0   464   1351   23032   569   151816   9213   600   73   832   0   1270916   0   0   0   0   9616   13500   0   4787   7   0   6549   0   0   0   0   0   6691   1243   18068   0   0   0   1769   6549   0   446   0   
0   4480   0   0   8039   125510   0   0   0   69934   0   0   0   0   27743   748   0   9885   28050   12168   0   4421   0   0   0   0   0   15228   10   5672   0   44105   0   61582   0   0   0   0   0   30   0   2453   0   0   0   0   0   221263   610   0   600   46961   0   37142   16149   0   0   70479   23594   0   60210   13627   2867   0   9827   0   0   0   0   0   0   5319   0   1101   0   0   0   274974   0   0   0   0   1000   0   0   14   0   34649   0   192945   0   0   815   47253   24200   0   1   4912   2737   0   7687   0   0   256   0   31642   0   0   5365   138908   8327   0   272   12760   3521   0   0   0   0   0   
1028   0   5698   188   0   0   0   0   4846   6549   0   134   0   176569   1236   0   151816   796   0   4657   0   0   32797   0   7843   272   0   0   0   0   9444   47   16662   23594   15836   6724   0   193625   9767   0   16207   0   0   0   0   0   0   0   0   0   0   0   1552   0   5464   0   105537   3   6   0   0   10385   38692   6245   567   4   0   1602   0   0   0   0   10   6245   20642   458   0   278638   0   0   115776   24542   6520   0   2500   0   2433   0   684   307   284159   169156   0   0   0   0   0   0   3059   0   0   0   15066   0   0   0   17321   165196   103   11293   134854   0   0   0   0   7   409   34649   0   0   
9   19063   4787   0   25703   0   28385   0   488791   12996   0   0   57   0   0   425   0   0   1243   3521   10500   0   1528   19292   0   0   0   2853   39532   15829   0   1528   0   96567   3409   10559   81   0   0   0   0   0   0   0   4719   15826   10342   1046   0   0   0   0   24187   31462   3247   10559   155365   4536   0   0   903   0   0   73   0   0   32100   793   44881   1736   0   0   0   0   57548   5441   0   2349   0   0   0   252648   0   3386   0   4834   221   0   0   0   0   488791   0   5480   0   2680   0   243170   5234   8937   1374   0   0   10898   5776   0   0   7026   1009   135970   19279   10   0   0   24200   0   0   0   0   1583   
0   0   0   0   0   11650   13500   1502   3618   103   19063   23   0   0   0   659   26086   24221   4512   127687   11293   0   4480   1540   0   424   18068   1355   684   28050   0   446   0   1186   0   0   16149   0   19   0   68   5281   18729   0   387312   10   1438   2164   0   8978   0   0   1224   0   0   15826   0   0   0   4065   10426   9403   0   487   0   0   0   27367   24200   32797   0   0   406   0   7   325   4646   213222   0   41012   73   0   0   133   464   0   0   2737   595   7235   825   1753496   2168   32882   0   0   0   4646   161576   458   30168   0   28792   43995   0   910   0   0   11900   0   0   0   0   0   165196   0   0   1236   8008   0   
0   10405   6801   0   0   0   0   0   27743   0   0   38   0   33653   0   10103   0   2453   30   0   2453   0   0   0   6069   600   0   659   61662   0   0   0   0   0   0   0   0   36842   858   0   0   0   0   0   0   0   0   0   1552   97417   54089   0   0   0   29420   0   4834   0   0   10204   567   11972   21312   0   0   0   0   0   52596   0   0   356   0   0   0   0   8038   0   697   0   0   47253   0   0   9476   252648   1647   21   0   0   14502   3483   0   4122   0   10   419   0   0   0   0   10625   0   0   6796   0   0   0   0   0   16999   0   117   1351   160   0   1736   0   134   25872   
0   183283   734805   912   0   0   0   0   0   0   687   6691   0   0   3903   0   0   0   0   0   0   2790   0   0   21600   204   0   0   9528   350   0   0   1821   4719   0   0   2730   7   784   64257   46919   561   0   0   0   238081   0   0   10999   2336   4958   2853   0   4180   0   55885   5281   0   394   0   13627   0   0   137501   0   24675   0   1769   931   0   4755   100474   3210   26719   0   47365   1646   887   8759   0   1186   0   165196   0   1606   0   0   0   0   0   0   0   19956   0   0   25660   25100   0   0   0   0   0   0   4480   0   3837   0   0   0   0   0   0   1779   0   25703   44430   0   2877   1552   0   
0   2449   2065   0   13497   0   9212   4382   8738   0   0   10426   0   41894   819   2865   0   1543   0   1314   7895   0   0   0   272   0   0   0   14822   0   0   0   164434   39597   0   4667   19064   7603   28224   0   15066   0   32882   4311   137501   0   1175497   17440   47382   22359   0   12168   0   100258   32882   1175497   432   1270916   23894   0   46961   0   4958   36022   0   0   453760   5560   0   272   0   0   0   13814   0   797   0   0   0   5153   0   0   1   7026   0   0   0   0   0   0   0   0   0   0   0   0   6018   0   0   0   489   0   0   0   6549   104   27367   2433   0   0   0   11   4837   11005   537   0   13393   0   0   31196   
0   0   0   0   0   2650   0   9034   0   979   0   4671   19   0   0   0   3483   3592   0   403887   2046   0   80   0   0   0   0   0   0   338   0   0   0   11530   2453   1659505   0   0   1351   1355   0   0   0   20642   0   797   487   0   2308   0   0   219   0   0   6796   0   5291   16271   0   0   2158   4831   1224   8978   0   9827   0   0   28050   21449   3745   4719   0   47498   0   13172   0   0   9767   7581   1365   5725   0   10   0   0   0   0   0   66008   0   0   295   0   0   0   28321   0   0   0   20777   15854   0   73   0   90929   0   0   0   0   878616   0   1175497   13393   47365   10159   0   0   11471   0   
0   8446   0   0   66232   0   0   0   0   0   0   4755   0   7843   36432   24261   0   4965   19046   0   176569   0   5744   19154   2277   60410   33   13377   744   0   48266   0   0   4042   7859   12996   0   0   0   645   0   684   0   0   0   28229   1032   0   6691   507   0   0   0   2500   97417   0   274974   0   5153   0   0   0   0   834   0   0   3247   0   5153   33   1365   1270916   0   0   0   0   4   0   5422   0   0   5145   0   0   2   0   0   0   0   0   0   1663   138908   0   13783   0   0   0   1138   0   0   0   0   0   0   204   0   0   8038   24813   0   185227   51705   5437   0   0   0   1279   1566   2650   
9982   0   1583   858   0   250781   0   0   0   0   0   0   64257   896505   0   0   0   0   0   0   0   0   365   6796   6562   0   0   1431   11313   0   0   0   5802   0   0   0   0   23032   456   0   39734   0   103   0   41894   0   3409   0   17983   2100   9283   0   0   69934   204   9767   307743   0   2277   0   0   0   16662   2695   11167   0   734805   10426   0   6237   0   487   14822   0   0   0   36022   0   7836   0   11900   0   31177   0   0   0   9450   0   2554   0   0   75   54089   6724   0   0   0   0   0   57   486   28385   0   0   5145   42   0   0   0   0   5441   252   5776   18315   0   0   0   2336   23032   48266   
9450   1365   272   0   0   0   7235   0   15836   0   0   0   0   2839   0   6069   0   0   0   0   13839   0   0   19586   0   169156   0   1528   2046   0   0   0   0   160539   0   0   2200   0   0   0   2407   0   5153   0   465605   797   0   0   1175497   0   52365   0   0   57080   0   0   0   0   250781   0   19586   25660   0   0   0   0   1351   0   4082   0   2000   0   0   0   33   1528   0   2158   0   0   0   0   0   28229   0   428   0   0   199396   5480   4484   0   0   23212   0   0   0   17867   0   0   15829   0   0   0   0   19956   0   23060   0   0   30840   0   0   0   0   0   0   0   0   0   
0   0   256   30   629   0   2065   14502   8937   0   0   155365   2336   0   0   0   833   17724   0   0   0   0   0   0   8908   834   0   5289   3903   0   1028   0   0   878616   0   75   0   0   17396   0   595   0   410   0   0   23   0   9885   458   27811   0   387312   0   0   5291   0   0   981   12624   507   221263   0   0   0   0   20642   0   141   0   0   0   18464   0   2738   0   204   0   81469   239386   81469   0   0   487   0   12200   4850   168606   0   0   5698   155   1753496   0   3386   0   0   0   0   0   0   0   875   0   0   0   51705   11055   39532   0   55293   0   0   0   15829   16242   0   0   0   0   485   
31177   0   0   734805   0   7273   0   858   0   0   1028   7273   0   11500   27743   2271   0   0   0   981   0   0   0   432   0   3206   400562   0   0   34497   12200   0   0   486   0   0   4900   0   0   11196   0   67   0   0   10   17321   310   10   6549   544   1314   0   0   0   151816   0   3837   7843   0   0   0   8163   64257   25660   7235   265   0   0   0   75   0   0   0   0   0   0   0   190   138908   5425   250712   0   0   0   36377   0   0   0   15478   0   77   0   1646   0   465605   28792   0   10   69551   44105   0   0   2046   125510   0   697   1526   0   61662   903   0   0   0   2436   0   0   0   0   0   0   
0   0   486   0   38149   0   0   0   4021   0   16999   794   2500   190   0   23618   0   9212   0   0   6462   0   0   32882   1355   0   0   5365   363   18315   734805   2911   0   0   50452   18729   0   16823   5365   0   0   11530   0   0   3318   7026   0   20777   0   7376   0   0   2542   23276   0   6549   12760   6626   20777   0   0   0   0   0   117   19335   2133   0   0   0   365   0   0   0   0   1101   1340   0   0   425   0   224   0   6282   109   28321   0   0   0   973   2730   0   154758   1624   597   21600   0   0   33653   0   0   26086   0   0   13497   7680   0   2554   0   40242   109   73665   1374   0   41894   2853   4126   2158   0   0   
0   0   0   6562   1583   0   1736   28250   0   0   0   0   2349   5425   0   1314   0   3806   0   0   0   0   0   0   0   0   185227   2680   0   1355   0   0   69551   6245   9   10342   0   0   0   25703   0   0   5464   0   0   4880   4846   0   24200   141   0   7   0   0   19064   4152   15066   0   39532   0   0   10999   16149   0   2650   22092   0   0   11900   47   0   0   0   0   43995   0   1032   19292   168606   0   0   185227   0   0   1175   5744   0   0   28792   0   0   11500   0   13393   0   0   0   436   11005   1646   11167   0   1434   4126   0   8908   1659505   487   463   1186   5153   0   0   6951   20929   0   3118   37695   6243   1279   
0   0   0   5025   0   64257   15   84253   0   0   0   0   0   1602   0   0   0   0   0   24221   54089   0   103567   0   0   169842   348   0   0   0   13814   4912   0   24261   1374   0   7273   0   0   0   1150   0   121   0   2790   0   0   0   0   0   0   0   0   0   0   0   0   5145   103   0   57080   0   28229   0   4834   0   0   6036   0   0   2650   0   0   875   0   0   10   0   4850   0   883   17475   0   0   0   0   0   0   0   2436   17388   0   0   6562   14502   0   0   0   0   0   7956   0   0   57080   0   0   13393   0   6951   0   0   0   0   0   0   0   0   1624   17867   6549   
796   28250   0   0   0   3676   0   14748   1602   0   481   3669   4837   0   0   22957   9982   403887   0   0   8039   0   0   30995   0   33   0   0   0   0   1351   0   0   405   0   0   0   0   0   0   0   350   0   0   152419   204   0   436   15228   0   1434   0   362573   0   0   0   0   2542   52596   0   0   30168   19154   0   19   250781   0   4846   0   3806   0   0   0   42006   0   0   15854   52365   0   0   73665   0   11812   485   15083   0   794   10625   0   28321   0   5   0   57303   425   0   22889   0   0   24261   0   31462   489   0   23212   0   0   2853   0   5480   0   0   0   0   0   134   0   0   1913   0   
0   11958   23   8859   0   8008   0   0   121   4536   0   0   5672   0   0   47   0   0   7843   4912   5863   81   0   10   16242   0   4831   0   864   0   34176   819   19   7836   3288   11812   0   0   0   1175497   11313   0   0   45   0   0   0   0   446   0   66008   90929   0   17396   0   0   59963   0   18464   21312   6796   0   896505   4126   7651   8978   7651   0   5277   0   0   0   0   0   48   0   0   0   0   4269   0   18729   2839   0   0   59269   8937   629   1602   104   3386   0   0   363   0   0   0   0   0   14502   437   0   0   0   10223   0   29   0   30840   0   2790   0   1224   0   3521   3592   1355   0   0   20929   
0   2164   322545   0   0   0   7859   0   0   218   0   46919   170160   14   17388   0   0   0   11039   0   0   0   0   0   0   0   25660   7622   0   0   0   28274   44881   0   0   0   0   37695   0   0   1471   7680   0   192945   0   0   250781   1606   1355   0   0   0   2730   0   0   0   3318   0   0   9450   7235   0   4152   0   0   0   2277   4719   213222   19555   0   0   0   1821   0   13814   0   0   1314   57548   0   0   0   0   0   0   0   2164   0   0   5   0   0   2   9   0   989   0   0   24221   0   0   0   0   0   13326   0   0   6724   0   0   0   4421   0   0   3630   0   0   0   118711   
0   44524   15854   0   10559   8978   0   0   0   1647   9658   23894   5672   0   1566   0   0   0   15457   0   0   3903   0   11055   0   981   0   0   5802   0   100474   0   0   485   0   0   0   0   1270916   7210   42362   0   96567   0   2000   0   0   0   0   0   37142   0   0   8008   0   7371   0   0   0   125510   0   36432   0   0   0   0   0   0   21   0   0   12996   0   0   0   0   0   0   0   6520   748   0   0   7843   5698   895   32882   0   0   24542   42006   2965   0   42006   0   11039   734805   22889   0   78   23894   78   0   0   47   0   0   0   32797   0   26661   0   0   0   0   39597   60678   0   0   1019250   
0   272   0   0   4834   0   0   0   0   487   0   2100   13306   1605   0   0   8038   20929   0   0   0   0   0   57080   0   1355   5289   0   0   19064   979   0   0   0   0   243170   8738   0   1777   254   1566   2695   0   0   9034   0   0   0   0   0   0   47382   0   44524   486   0   0   17321   0   0   0   4382   0   0   0   0   1743   0   0   1270   105537   2453   653   52365   0   10204   15   2500   0   0   0   0   5802   0   0   12238   0   2911   67   0   0   815   2349   50273   19335   41894   0   0   2853   61662   0   0   0   0   2436   183283   0   0   1150   0   15478   0   0   0   0   0   7687   0   0   0   
5319   0   11650   0   24675   931   4484   0   0   436   0   0   0   0   0   0   0   328   0   1028   0   0   0   0   0   0   2   0   28050   1138   0   463   0   11471   0   0   109   0   0   0   4536   0   0   0   0   8446   3386   0   0   0   0   3206   0   9687   19   0   0   0   0   728   4480   834   0   0   0   0   0   0   3592   15228   1224   47382   0   0   668   10   0   21   0   0   0   22820   17321   0   1270   0   307   0   0   1837   24542   0   9034   30803   0   10   0   0   295   0   36842   0   0   134   0   2730   34530   0   0   0   0   0   47   0   152419   0   0   62   0   8897   
0   33   0   3745   0   0   82181   0   0   3984   0   0   0   0   0   0   0   53716   0   0   0   4536   0   47382   281709   11297   432   0   1311896   0   365   0   0   945   0   72564   0   2   5011   0   0   0   0   41012   0   29438   0   0   41362   0   0   0   0   1837   0   0   13393   0   869   73665   0   0   864   69934   1388   0   0   4122   0   0   0   5291   0   0   6724   1540   0   1837   0   883   0   0   0   2407   0   27367   0   0   0   59269   7341   0   0   0   15457   0   0   6471   0   0   0   4065   0   0   0   0   28792   115776   8978   0   0   15826   0   0   0   0   250712   11039   0   0   
0   0   0   7044   0   11471   279565   272   0   0   0   4667   0   0   7581   0   3592   4755   2839   0   0   0   0   4311   0   0   0   0   0   0   0   0   11   945   0   17983   0   728   5413   3118   0   0   0   8851   0   0   9   0   274974   0   0   979   0   0   0   18464   0   0   0   0   0   2853   1596   0   436   0   1024   5277   0   1596   4389   0   0   0   0   7273   0   0   0   0   4021   0   0   0   9528   86   3210   62   0   748   0   0   47   0   0   0   0   0   10405   0   595   24396   0   18251   10103   0   448   883   0   0   0   0   0   4646   36432   0   54089   2433   0   0   
0   11530   192945   0   0   5441   14748   19063   25100   0   659   7622   0   0   1740   0   0   0   11650   0   0   1180   0   0   44524   0   19292   0   5744   0   1740   0   9403   0   0   0   0   0   7341   97244   0   5025   10342   0   0   0   0   0   819   46961   990   0   0   0   105537   0   146   0   0   659   11402   0   0   0   0   0   0   0   0   0   0   30995   0   0   3415   0   0   6036   0   190   5365   0   0   0   0   0   32882   1270   0   819   0   0   0   16149   43995   0   0   1528   193625   0   0   4450   0   0   0   4834   0   0   3247   0   0   0   0   0   0   0   0   0   0   4671   
0   7371   0   307743   46961   0   0   0   0   0   66232   410   73   8825   0   0   10   0   0   0   0   2168   0   0   0   0   0   0   7703   0   97244   0   78   0   0   38523   0   9982   310   0   1528   0   41152   0   138908   895   883   0   252648   0   832   0   0   0   0   0   0   10204   0   0   17396   0   29420   221263   869   0   0   90353   2158   0   8897   0   0   90929   0   912   0   0   0   7376   4476   21312   0   23894   0   0   0   0   5422   0   0   0   0   155   11972   0   8008   0   0   0   104   21312   0   1596   2839   11989   0   23276   1243   20   0   0   10483   0   0   2271   0   487   10342   0   
31642   0   797   0   0   0   0   60410   1422   0   0   4512   4065   0   0   6018   32797   4965   0   4755   8937   67   0   0   0   0   31196   121   0   0   456   0   108321   0   0   0   8327   0   10999   0   875   0   6245   0   0   0   0   0   0   0   380   12039   0   31642   39597   0   0   0   0   0   188   2336   0   0   2168   65   0   8825   0   221263   0   0   0   17440   2737   1046   0   6796   25872   0   0   13500   9995   0   0   0   0   16   0   1186   567   44430   2200   406   0   0   0   0   0   0   6796   0   0   0   0   39271   10159   0   0   0   0   910   20642   0   19987   0   0   815   0   0   
4521   0   1837   0   0   6626   0   134854   0   0   2433   0   0   0   2133   0   0   0   0   0   55970   0   0   0   0   1009   0   10   0   0   0   0   2516   0   1279   4021   34176   0   0   193625   5025   0   0   0   0   0   4082   0   9687   0   0   0   0   887   0   57303   0   784   7651   0   1431   17440   0   0   35389   0   6   146   0   31462   0   25023   165196   0   0   1663   18729   0   7341   0   10211   0   0   112865   0   0   0   0   0   0   70597   0   0   48266   0   0   0   24200   82181   2   5281   2433   0   0   252648   0   11958   7376   3700   0   10483   0   0   0   0   0   0   0   22820   0   
0   15228   0   0   0   0   0   0   0   278638   0   81469   8859   1540   12238   0   0   0   0   989   0   0   0   0   3618   0   0   0   155   405   39271   0   0   0   17388   8937   0   0   0   9484   2424   6691   15826   0   59963   0   0   0   33   0   204   4880   10   0   0   3409   0   0   0   9213   0   10405   0   0   70351   4671   8859   2865   40242   3059   7777   0   1355   0   0   7859   3676   74190   0   0   272   0   12624   5289   0   0   0   0   0   14748   0   183283   0   781   111712   10   0   0   3318   20597   0   0   0   190   21   0   7210   0   348   17396   0   3210   134854   0   9450   1   2122   0   0   1388   
0   0   11958   47498   0   16823   1769   2090   0   0   0   0   0   0   0   0   11812   0   0   481   0   0   0   981   7715   0   1769   4831   659   491   51705   0   41012   0   0   1624   0   1119   536   52596   403887   0   0   0   2738   0   28321   0   146   0   864   0   0   0   659   0   0   0   72564   183283   365   50452   0   0   0   10   7376   0   0   0   2650   0   151816   6282   432   945   0   0   448   0   106   3079   0   3094   734805   0   0   0   0   5   0   0   0   0   0   0   25660   0   8825   0   11167   0   7210   0   0   1180   833   0   0   0   66008   272   0   0   41894   0   0   2867   0   0   
0   0   0   62   30803   1605   818   0   19064   0   47   69934   2542   0   0   0   1224   0   0   0   0   0   0   1663   439625   0   0   0   4880   100258   0   1374   0   9885   55885   0   0   67   439625   23   12200   0   16271   0   12624   0   0   0   0   0   5527   24261   0   0   489   0   38149   14822   0   0   0   20642   0   0   0   0   0   0   0   0   2636   0   0   0   0   2965   4657   10   2737   2911   0   0   4480   0   0   0   0   0   0   0   0   0   0   0   0   278638   106   1314   137501   1340   4719   45   243170   36308   0   0   0   0   121   0   0   0   48   0   0   0   0   0   0   15836   
4536   0   31196   0   0   3700   15   0   7581   0   0   0   25100   50452   0   23   0   5464   4850   0   0   0   2433   1528   0   380   213222   0   7680   0   0   1085   0   0   0   0   0   0   0   11500   0   0   0   485   284159   25023   0   0   869   4787   15109   10405   0   2865   0   0   0   0   0   0   0   0   52365   0   61662   0   0   8738   0   0   0   29438   0   6462   0   7341   3110   0   0   5672   0   0   0   0   41012   38692   0   0   0   0   0   41362   793   0   0   239386   0   2911   1279   0   0   0   0   2046   0   0   0   0   0   4311   0   0   0   486   0   0   0   5480   0   0   
912   0   0   0   1552   60678   1837   2853   0   0   0   0   13718   0   0   0   5413   0   12168   0   0   481   4831   0   0   0   0   0   7956   516037   1740   0   0   28250   0   0   0   7294   0   0   0   0   0   0   834   9212   0   0   10385   62   0   3700   3676   0   77   0   0   0   59269   0   11   278638   0   728   190   5277   1777   7859   4180   0   0   0   138908   0   0   3481   0   687   0   0   0   0   0   18315   44881   4311   0   1019250   221263   0   0   0   0   42362   0   10159   0   32797   0   0   154758   0   6549   0   328   0   0   0   0   2   0   0   5776   973   0   0   2867   0   46793   629   
0   338   0   0   0   0   0   0   0   0   239386   19154   0   7235   1388   2   0   2650   5281   12238   284159   47365   4823   0   0   0   1   0   6038   0   0   0   2046   0   0   0   0   3618   395428   9616   6471   0   0   0   0   134   1224   0   12039   3409   7613   0   0   0   0   0   15836   0   0   0   0   0   0   8741   0   0   0   0   19   6691   61582   0   26086   4311   5863   5480   160539   0   1314   516037   6543   0   0   0   0   85833   0   0   0   0   4152   0   0   0   0   0   0   170160   0   0   0   0   4180   0   7273   25660   0   4536   0   3386   0   33653   9444   3210   0   0   0   0   424   17388   
834   0   10898   0   2867   0   96   69934   1659505   7687   0   30803   0   1186   41   0   0   47382   31462   5291   0   23212   2090   21312   20597   96   0   5365   0   0   7581   103   973   0   16724   238   0   3210   0   0   82181   0   0   0   0   0   0   0   0   0   46919   0   0   0   0   18068   0   0   7235   0   0   0   0   44430   0   3618   1019250   0   0   0   0   0   0   1270916   31642   0   60678   728   190   104   0   0   0   0   0   33   13839   9687   0   16242   314   0   0   0   70479   0   0   34176   465605   0   1442065   0   6801   6562   0   0   0   39271   0   684   1837   0   0   36308   0   0   0   0   0   47365   
0   0   1374   0   13377   250712   0   0   0   7376   0   8039   0   0   0   7777   4900   0   1913   5776   0   0   0   0   0   23654   0   2965   0   0   0   3409   34497   160   0   7777   2308   0   0   0   11293   332   11167   0   436   0   0   11055   0   0   0   0   0   247719   0   4657   0   11402   168606   0   0   0   0   610   0   0   19   0   23594   13839   0   26086   3415   4536   14502   0   0   0   15854   221263   0   0   0   0   744   17475   0   0   0   0   0   0   1434   2436   0   0   0   0   0   0   111712   7978   0   5011   0   0   0   0   0   11900   0   1502   832   0   0   20929   15356   0   109   80   
0   0   0   0   419   19292   793   24709   0   0   1913   0   0   400562   7613   32882   5025   0   17321   0   0   0   1355   465605   39271   0   7341   24187   0   2911   0   465605   0   2227   24396   7581   106   0   0   0   0   488791   0   15854   0   0   15109   0   24709   24746   322545   100258   0   0   0   0   10483   0   5480   5441   0   0   35646   4965   7895   0   0   5291   0   26173   0   67   338   3079   0   1243   6724   0   0   0   7603   35646   8738   0   0   0   0   256   0   0   0   0   0   106   1138   0   0   0   0   0   0   0   0   0   34176   0   0   348   0   5291   0   310   37142   0   169156   0   0   878616   85833   0   
5025   0   0   0   307   4521   1175   0   11402   0   47253   1150   0   247719   0   0   0   1   0   3   0   0   0   1314   0   0   0   0   0   0   453760   2500   0   0   2424   133   1   0   52596   4965   8781   489   0   0   0   1279   6348   446   0   0   0   0   0   17440   1753496   0   0   224   0   0   21837   39532   0   22092   0   169156   0   0   44881   9827   645   0   0   4646   0   0   0   59269   41012   13393   0   0   0   0   0   0   0   0   0   8759   0   0   0   25703   0   5744   0   1150   0   7371   0   0   0   0   1736   0   0   57303   165196   869   4646   0   0   0   19046   0   784   0   24709   0   
0   0   0   0   0   2453   11313   0   436   931   5672   3016   3118   1314   807   0   0   1743   60410   0   0   1085   0   12200   610   0   0   7843   9212   465605   0   0   0   0   16242   1442065   7341   3984   82181   0   3984   0   44430   322545   0   1028   0   1779   31196   0   0   4065   734805   0   0   6801   0   0   0   0   54089   0   24200   7715   0   10204   0   0   4667   356   32100   0   0   0   7   0   0   516037   2779   11273   0   33   22359   0   0   9034   0   0   0   3745   12039   0   0   0   158   19   0   0   0   0   0   728   1   0   0   6911   0   833   833   0   0   0   536   0   0   0   19987   0   0   649   
0   0   610   0   5464   0   1024   279565   0   1606   0   0   97244   325   219   0   0   6018   0   0   190   0   0   4787   0   35660   0   19987   1224   6245   0   73   0   20151   0   0   112865   2911   0   5234   96567   0   0   0   2453   0   0   0   29438   0   0   24261   0   481   0   4512   0   0   239386   0   0   516037   44430   26079   2046   134854   0   8978   11005   0   0   13627   1442065   5011   0   0   16662   0   52596   0   3592   0   0   1431   0   0   160539   0   34662   238   0   0   869   0   38692   11313   0   213222   0   2308   973   17475   0   0   11039   0   12624   0   0   0   84253   989   0   59269   3605   0   1566   1224   2839   0   
0   0   0   0   0   0   0   0   0   19154   0   0   0   363   0   0   561   0   1009   0   0   11   188   2065   0   3288   0   0   9403   0   0   0   281709   0   96   0   0   0   3187   89879   0   32882   0   0   0   0   1224   125510   141   0   895   456   31177   29   0   5776   19063   0   0   0   11   4269   16242   0   0   0   0   0   734805   24709   0   0   0   0   0   0   90353   2516   0   5776   7603   0   10211   668   0   0   0   4850   0   0   0   0   21449   0   0   30   0   0   464   0   0   0   13172   0   0   0   0   0   406   456   2227   0   0   0   0   0   0   0   6724   0   
0   14504   0   59963   8039   117   0   9885   0   0   0   0   70597   7843   31196   0   7371   0   38523   0   0   8039   108321   0   0   0   0   0   1913   0   2133   15836   0   0   0   728   1175497   0   0   0   0   0   0   11   0   0   0   42   0   19064   0   0   0   24200   0   0   80   0   1351   0   0   0   1186   11900   0   0   0   0   0   12200   6543   0   0   0   1647   0   328   279565   0   0   0   0   0   60678   0   0   0   5480   5464   0   21837   11167   69934   11900   332   0   25660   491   0   37142   0   0   9   6282   0   0   0   7273   0   0   0   0   489   7895   25703   0   0   254   272   14502   
0   0   0   0   0   28274   0   0   0   272   0   0   0   0   24746   13839   0   2790   0   2911   0   9403   864   0   0   0   15083   9476   1279   0   0   0   0   0   4805   516037   0   0   192945   0   46793   0   0   0   0   0   4805   0   0   0   0   0   2738   4850   0   30168   0   0   0   16207   29   0   168606   17867   0   10211   13814   0   0   14748   4646   12168   0   11055   0   9885   0   0   10559   19335   5025   59963   0   0   0   0   0   0   0   0   0   0   0   30168   0   818   0   0   0   0   0   0   0   5527   0   0   0   0   0   350   0   0   0   0   10999   0   30995   0   0   0   
22820   0   7294   0   7044   0   0   6237   0   5365   0   0   0   0   61662   910   0   0   2100   146027   3409   797   0   89879   0   0   405   0   47498   6691   0   0   0   0   0   0   4042   0   0   0   77354   0   1355   117   0   1388   0   0   115776   1032   0   36377   34176   458   0   748   23276   13718   0   486   23212   0   0   0   0   0   0   0   4042   0   0   4831   5025   6   0   5289   0   0   0   1434   10   90929   0   3481   2449   0   0   0   0   2407   0   1355   8759   0   0   0   24542   19   0   57303   0   4   0   1438   0   19653   47382   0   0   0   883   0   10898   0   4382   0   0   17396   3079   0   
1175497   0   0   5560   0   0   0   0   2436   9616   0   0   0   8   0   0   0   0   61582   15457   808   0   0   0   0   0   0   0   3079   1913   0   0   5992   73   0   0   137501   0   0   0   3   0   1186   0   990   0   0   2315   9450   0   108321   4823   0   7613   0   0   0   4065   0   0   5289   0   0   0   0   0   0   0   0   1365   12238   0   1736   0   0   0   0   111712   250781   0   0   51705   0   0   0   0   199396   0   0   0   5802   7715   7002   12760   0   0   0   0   0   0   17321   4755   0   0   0   0   4755   0   1028   0   0   0   0   403887   0   0   1777   0   4764   0   
41362   0   0   21312   0   4152   0   0   0   0   328   0   0   23212   25100   0   4382   0   0   1311896   0   15829   832   21837   1000   7235   0   0   973   2046   0   11500   0   0   28792   0   34530   10117   169842   428   29420   0   6549   1270   0   0   0   0   0   24675   0   595   11   0   0   979   3745   0   0   39597   0   0   51705   4484   0   4850   74190   0   5425   0   0   1743   0   0   0   19292   6069   0   0   6796   5863   75   491   11972   39532   0   0   3318   0   793   3630   0   3984   0   0   2636   0   7616   41152   0   0   0   0   0   0   1566   190   1085   0   0   869   3318   0   0   0   155365   40242   0   0   0   
0   0   29420   0   53716   11005   0   481   8741   4657   4912   0   807   20   0   0   0   1032   4671   0   0   0   0   485   10211   896505   0   0   43541   11005   0   1138   0   0   5425   0   0   0   16823   7371   0   3806   0   54089   0   0   23060   0   0   0   332   34530   169156   883   19987   808   0   0   0   4831   0   1119   11196   11196   17440   387312   0   0   0   0   0   4719   419   0   0   7907   0   0   0   7341   485   0   0   0   0   20151   0   2315   72   0   307743   77354   0   0   2164   19063   0   0   0   380   0   2877   96567   1180   0   0   25100   0   0   1186   13627   0   0   5153   0   0   0   0   19956   0   
9   0   0   0   10999   895   0   338   0   0   0   0   436   47   0   0   0   0   3618   16149   0   7777   23032   0   0   405   14502   57289   653   491   0   0   40592   0   81469   17475   243170   0   0   0   7978   11757   0   17321   0   0   0   0   25872   0   74190   57303   0   0   0   0   73   42006   0   0   10223   0   0   238   5422   50273   0   0   26661   0   0   687   0   0   0   0   0   24221   0   2500   437   7026   0   9484   5145   22820   11989   0   0   2853   2057   0   0   0   0   0   0   70479   0   0   1810782   0   0   0   1340   0   0   45   0   10999   0   0   0   0   0   224   453760   0   23654   0   
0   0   0   0   7581   0   6111   0   0   0   0   109   0   0   1028   0   990   0   0   1526   0   15356   0   0   0   0   29438   0   84253   0   4480   9885   0   0   0   0   0   0   0   4421   146027   0   26719   247719   0   7956   15083   2730   0   0   17388   50273   37695   0   1046   0   8759   52596   0   0   0   0   610   28385   4042   18729   3   0   0   0   286112   0   7   57   0   21449   0   11471   0   0   3903   0   0   0   53716   106   0   0   0   0   0   0   77354   106   3521   2315   20929   0   11650   0   13306   295   0   0   0   0   4480   0   0   0   0   0   19046   19987   0   0   1606   0   82181   14822   
0   0   0   23276   20777   0   0   265   51705   176569   23060   0   0   0   4450   0   0   0   8153   37142   0   0   0   0   34662   30803   0   9034   4126   75   2867   24200   0   0   1009   4846   1305   0   0   0   0   17440   2090   0   0   0   0   0   0   0   0   0   2554   0   69551   46793   0   60210   0   1837   3806   0   0   0   59963   0   5145   108321   0   0   0   0   2516   0   6724   0   9476   20642   0   0   2200   4657   0   0   1431   11471   8327   356   0   0   0   0   0   1311896   2436   0   15836   0   0   0   0   0   0   0   0   0   0   0   0   1114   1596   0   0   0   0   0   0   0   0   22092   
20777   0   0   0   0   0   0   25660   0   4831   0   0   7680   2779   0   0   0   78   9767   0   0   6520   0   0   0   0   10   0   26804   600   4476   0   0   0   73708   0   0   0   0   0   5291   67   0   25872   0   21449   0   0   0   0   0   6691   146027   3386   428   0   7   406   81469   0   0   0   1028   0   0   0   0   1243   0   85833   0   1024   0   2853   0   0   0   0   0   0   0   0   0   82117   6069   310   59963   0   0   15109   0   0   154758   46961   24187   4521   0   183283   0   0   0   50273   42   0   8153   0   0   0   0   0   0   1422   0   74190   0   4671   11366   0   0   17388   
0   0   1028   13497   30995   0   0   52596   0   0   0   0   2100   5802   3110   59963   3630   3415   0   0   1434   36432   0   0   9484   668   0   2065   0   0   6562   0   26079   684   0   0   610   15829   0   0   40242   0   0   103   0   0   14504   0   22359   1810782   7616   0   0   0   0   0   0   1236   0   3837   0   0   3094   4805   0   256   0   0   0   428   1000   14504   137501   0   0   0   0   0   0   44524   60210   0   0   20597   0   0   4831   17983   0   0   0   0   0   18729   0   0   0   0   0   0   410   5480   1605   1543   0   0   1   2122   0   1431   0   325   4512   0   0   2046   7613   5560   0   0   
0   0   0   250781   57080   0   0   23594   12996   0   15457   0   0   0   0   0   38692   0   14822   32797   0   46919   0   29438   0   2057   0   0   697   0   20777   0   28224   487   25023   0   0   0   0   6111   489   0   0   0   17321   0   0   0   0   0   0   192945   0   9484   2271   3837   1442065   0   2738   1314   0   22092   903   0   0   0   0   0   0   0   989   1528   403887   0   653   0   1388   0   0   57303   0   3745   5289   0   0   0   26173   11167   0   0   0   0   61582   2046   24709   0   1471   0   0   0   68   3481   7376   0   903   0   19292   5802   0   0   72   0   5011   188   0   1028   0   0   0   0   
0   0   0   0   825   0   6471   77354   1186   6282   0   7687   165196   0   0   15356   0   4311   0   0   0   0   134   0   0   0   36842   0   864   1526   0   0   0   0   0   2965   0   0   0   31462   875   0   9444   0   486   0   0   0   23212   0   0   0   10483   13627   0   0   0   0   55885   12624   0   0   0   0   0   0   400562   0   3415   0   0   0   912   0   1624   0   438   0   0   0   0   0   0   0   0   0   105537   365   0   0   218   35646   0   0   0   0   8908   1647   0   0   0   0   0   23894   0   3288   0   387312   437   0   0   0   0   2271   0   3605   0   111712   0   26804   
2000   0   0   14504   0   912   0   0   7616   0   973   4042   12039   0   0   0   0   8635   7622   0   11650   332   18315   0   0   0   281709   0   6018   0   0   0   0   0   0   5234   356   0   279565   104   0   0   0   0   12200   0   0   0   41   5464   0   1528   0   0   7235   4065   0   0   0   13627   0   0   0   0   0   14504   0   0   0   0   0   0   18729   0   0   155   0   2100   2865   2911   0   0   0   2000   0   0   256   1028   1646   100258   0   0   439625   0   16149   3247   0   16242   7002   0   0   8038   0   0   0   0   0   0   1   5527   0   0   3700   0   0   0   0   0   0   4900   
111712   0   73708   0   3110   0   0   55885   0   9283   0   0   0   6911   1777   0   487   4082   0   69551   0   61662   0   204   5441   0   2133   0   1769   0   0   0   0   0   13718   0   1528   0   0   0   9687   0   395428   8937   0   0   39597   1236   0   61582   0   0   0   1314   516037   0   0   0   8937   78   4755   38692   3618   0   14502   3016   7603   0   0   0   0   212162   0   77   24542   0   6036   0   858   0   1150   65   0   4831   0   0   328   286112   0   2227   0   0   3841   4719   0   0   0   0   0   73708   0   50452   4823   0   1810782   146027   0   0   10405   21   0   0   4831   0   0   0   39094   35389   0   0   
0   0   0   23654   11958   0   0   0   219   0   14748   0   0   0   6549   0   0   0   0   27811   0   0   0   0   20   0   0   2227   0   0   0   0   7907   0   0   0   0   5413   96   279565   400562   0   0   0   432   0   0   0   4269   22820   0   4846   0   2270   0   0   1583   403887   90929   0   464   0   1365   8163   0   0   9658   127687   14822   9034   0   0   0   15356   0   155365   0   3700   409   0   0   3318   2133   0   0   11650   3592   0   0   103567   0   19063   0   224   0   0   9687   322545   0   0   38692   0   1150   2100   0   1009   0   0   0   0   0   0   0   0   39597   0   2158   13172   0   0   
21600   2867   4787   0   0   0   0   55885   569   0   6282   13306   0   0   0   0   57289   0   5145   22957   9283   362573   0   0   4764   0   47   0   0   0   0   158   0   0   15457   0   5480   170160   0   0   0   0   1000   0   21   0   0   5698   0   0   108321   1243   28229   66008   0   0   0   0   0   0   0   168606   0   7   0   0   105642   0   0   0   0   4512   3187   0   1779   9403   0   875   13497   0   0   0   7680   0   0   2046   1422   2057   0   0   17475   0   19292   4   10625   0   0   23594   2680   0   0   117   0   0   0   75   0   6237   0   1186   0   53716   15836   3079   0   0   0   15356   2433   8039   
0   7843   1913   6471   0   24709   0   278638   0   0   26086   0   5277   0   8978   0   797   0   3605   0   3841   4450   0   60678   30   7   34287   4021   6626   0   141   238081   0   100258   684   0   0   0   0   350   1438   507   154758   2500   41   0   0   6018   887   0   6038   0   24813   151816   0   39532   0   19292   23894   0   0   0   19653   1270916   0   239386   1351   0   0   0   5291   0   481   0   13393   0   1180   47382   0   0   0   40592   0   0   6   0   0   0   28385   0   0   356   0   0   19063   0   1243   29   39597   0   0   629   19046   0   2271   486   0   0   0   0   0   0   9450   0   0   0   2   0   0   0   
33653   15066   0   5277   218   0   1355   409   0   20929   0   7616   15478   36022   0   491   734805   0   0   19335   0   0   0   106   155365   60410   4484   61582   0   16662   0   0   5413   78   16999   112865   104   0   0   0   2730   3618   13718   25660   0   0   170160   0   0   0   0   1442065   0   0   1270916   29420   0   82117   875   0   0   0   28385   629   0   0   0   0   0   0   0   4719   864   0   199396   808   0   250712   9767   912   0   4421   684   0   0   7294   0   165196   8327   2911   0   15836   0   0   11   16149   0   561   0   7235   0   0   70351   1365   0   0   945   0   516037   0   118711   4484   464   2790   0   0   0   0   0   0   
1663   0   0   4421   0   160   33   0   0   0   0   6911   15826   0   0   77354   0   979   4521   0   2965   0   0   428   243170   437   12270   3700   0   4667   0   0   160539   0   25872   734805   0   0   0   0   3630   0   5291   27743   0   0   62   176569   0   1114   0   44430   0   0   0   0   0   4180   7613   0   0   0   0   34497   12168   0   0   0   0   30803   0   0   0   0   26079   0   1236   0   0   25023   0   243170   0   0   254   0   0   0   0   0   0   27367   274974   0   0   456   15836   0   5527   3481   437   0   0   9687   4536   0   127687   973   0   0   0   219   0   2965   629   0   7   27743   0   0   
