120
0   6   0   6   0   0   0   0   0   0   1   20   344   0   0   0   0   4   0   0   0   0   0   0   0   96   12   0   0   0   0   0   0   7   0   12   0   13   0   0   0   0   0   0   0   0   22   0   0   0   15   0   600   13   0   30   0   0   0   2   0   0   0   5   0   3   1   0   0   149   0   26   2642   0   0   0   84   0   12   0   12   0   0   3   145   0   45   46   2   0   0   76   89   0   0   0   0   40   0   0   17   0   0   0   0   0   14   1   0   0   71   0   23   0   3   0   0   4   13   113   
0   0   0   0   0   0   0   0   0   0   0   0   0   0   0   413   0   0   0   0   0   0   1   0   1   0   0   0   0   0   0   0   0   0   7   0   3   0   0   0   13   0   266   2   20   3   0   13   0   0   0   0   0   0   68   0   0   0   7   0   0   12   0   0   0   0   0   103   0   0   0   0   41   0   26   1   10   0   0   0   342   2   0   0   0   0   0   0   101   32   23   15   30   9   8   0   2   0   8   0   0   0   0   0   45   0   0   0   158   2   0   5   0   2   2   0   0   0   1505   0   
563   2   0   18   0   0   0   0   1   3   0   0   0   17   0   0   180   0   559   0   8   0   0   0   0   13   0   0   0   0   135   42   26   0   0   47   0   0   0   0   0   0   0   0   0   0   0   1   0   4   7   0   0   2   0   0   1   0   0   0   0   0   0   249   0   0   0   22   0   0   0   0   8   0   0   14   0   0   0   0   222   0   0   0   344   0   0   0   18   0   0   0   13   0   0   0   0   577   0   0   0   10   0   0   0   3   6   0   0   0   0   0   56   86   253   0   0   5   0   0   
38   0   2   0   0   0   0   0   106   0   0   0   0   0   8   2   177   0   5   0   0   2   0   0   0   0   8   0   3   0   7   0   0   18   23   0   0   0   0   17   10   141   0   12   0   0   68   0   43   0   2   0   0   0   0   0   0   0   0   15   0   0   740   32   459   7   0   0   0   0   8   2   2   0   1   0   0   12   1   0   0   694   0   0   0   0   0   12   609   0   0   413   0   14   10   11   0   0   14   0   0   41   0   308   0   0   16   0   39   0   1   42   0   0   0   116   70   0   0   19   
18   0   9   0   0   0   0   0   0   2   0   0   12   70   0   0   0   4   0   46   363   0   0   158   24   283   26   0   46   74   46   16   5   0   0   0   0   0   0   0   1   29   2   0   0   4   0   0   0   1   146   2   0   14   0   0   694   0   0   0   0   2   27   0   105   0   1   15   0   5   0   0   0   0   0   7   0   0   23   6   0   0   0   0   27   0   0   0   0   8   65   0   0   25   0   0   0   7   16   0   0   0   39   0   0   2   266   0   0   0   0   211   0   0   2   0   0   0   35   5   
0   12   0   0   0   0   0   0   0   137   0   17   0   0   67   2   10   3190   0   0   0   2   0   11   0   0   0   466   0   2   0   31   0   8   27   0   0   0   0   113   46   4   0   0   108   0   0   8   1   6   600   0   0   0   24   3997   0   24   0   0   0   0   308   0   0   0   0   0   52   0   42   1   0   0   19   8   12   0   0   0   13   146   0   0   0   0   0   600   0   0   26   24   0   0   0   0   0   420   436   0   2   0   0   55   0   15   0   0   0   26   0   0   0   0   12   0   2184   0   0   2184   
5   498   0   0   0   56   0   0   20   0   0   0   0   0   0   9   56   0   0   0   0   0   170   0   0   63   15   21   0   5   0   4   0   0   0   3   13   0   0   4   0   0   0   0   0   45   0   1   0   0   1   0   694   0   0   0   0   0   7   2   0   15   0   2549   2   2   0   7   2   0   0   28   0   89   0   0   0   52   86   16   0   0   332   1   0   0   0   2   0   0   0   14   0   0   0   0   67   0   0   105   2   2   0   0   0   0   0   1   0   49   0   0   1   9   46   0   0   0   8   12   
0   0   0   651   0   41   0   0   0   5   0   2   60   15   0   7   0   0   57   0   0   0   0   0   0   0   0   0   9   0   2   0   0   466   0   0   105   0   0   0   46   16   0   52   0   27   9   0   0   2   28   2   0   0   346   1   2   0   0   0   69   15   0   0   0   0   0   1   0   0   22   6   0   0   0   0   0   0   12   0   10   125   0   0   0   0   0   0   0   0   0   0   19   0   0   0   5   20   0   1   0   0   0   40   0   0   0   0   0   13   2   0   0   0   0   5   0   0   0   0   
15   13   0   20   254   0   0   0   0   0   0   0   9   0   0   0   0   0   0   0   0   11   0   0   0   0   3   346   0   0   28   0   24   81   0   0   100   1432   56   0   1   559   0   0   0   0   0   0   0   651   0   0   9   0   0   14   0   0   0   0   16   27   0   0   1   574   0   0   432   7   0   6   604   31   0   0   2   0   6   76   46   211   0   0   0   0   0   1   0   0   0   0   0   0   0   0   0   25   0   0   0   0   0   0   0   0   55   0   0   0   20   0   0   7   7   37   0   0   7   0   
0   96   21   0   0   2184   0   0   0   0   574   0   2   0   2   110   0   0   0   1   0   1   13   0   0   0   0   0   129   0   0   0   0   0   0   17   0   297   1   0   0   0   0   0   0   0   12   0   0   2184   0   0   0   0   344   1095   0   0   0   0   0   44   0   16   14   1   156   0   0   0   0   0   0   0   15   1   0   0   0   0   0   0   0   0   1095   0   0   102   30   2   15   2   0   0   57   0   0   14   0   7   0   0   39   2   0   0   0   18   0   0   0   0   0   108   0   7   5   0   0   0   
0   9   0   0   0   20   740   0   0   9   0   1   0   0   0   0   0   13   0   0   25   1   4   8   0   0   0   0   0   1   0   0   0   0   11   0   0   0   0   0   11   0   1   0   0   0   4   0   0   1   0   102   0   0   0   0   0   2   0   110   0   0   0   1   0   11   0   19   12   0   24   0   0   5   0   4   8   0   0   10   1   0   0   0   0   420   3997   0   0   0   149   81   0   0   0   0   0   4   40   0   0   0   3   2   0   0   0   1   3   81   0   1197   0   0   0   1   0   3   0   0   
22   46   5   0   7   0   0   102   9   3   98   0   0   0   0   0   0   0   1309   22   13   0   0   0   0   29   2   0   2   0   0   0   28   0   129   0   0   0   44   0   0   0   5   3   0   0   0   0   0   0   0   153   0   0   420   2   0   0   49   0   20   0   0   0   153   0   2   7   42   0   12   0   0   0   1   0   0   0   0   3   0   0   0   7   0   0   22   15   2   0   0   0   24   110   0   0   0   0   70   26   0   0   14   8   11   39   0   6   0   0   0   0   574   7   9   4   0   49   14   0   
0   22   43   26   0   0   0   0   0   0   0   0   0   2   11   0   4   654   134   0   13   0   117   0   0   0   3   4   0   0   0   420   0   12   0   39   9   0   2   2642   0   0   0   420   0   0   1   694   0   5   3   0   0   0   15   56   0   5   28   0   0   0   0   159   119   17   24   0   0   0   56   0   0   0   1   0   47   0   0   0   0   0   0   119   0   5   0   0   0   66   0   0   0   0   0   0   26   38   0   0   0   0   0   74   56   0   11   0   0   0   0   0   24   38   4   189   0   0   0   0   
0   0   177   0   0   145   4338   137   0   0   14   0   283   0   0   0   0   0   2   27   0   0   0   0   0   0   4   0   0   131   134   22   0   0   15   0   62   0   0   2642   2   0   0   0   0   47   0   5   0   0   0   8   0   0   253   0   7   0   0   4338   0   0   0   125   16   0   45   0   20   7   0   3190   0   0   0   0   0   0   0   0   0   0   0   2   0   0   2184   0   0   48   9   0   0   0   0   7   0   14   0   0   70   0   45   0   17   0   32   0   15   24   0   0   498   76   0   0   0   0   4   393   
0   0   0   0   0   0   0   1   0   8   39   0   3   0   0   0   0   0   0   27   0   1   20   0   0   0   0   609   6   0   0   0   208   0   0   0   0   0   0   0   0   23   6   0   0   0   0   0   49   66   7   0   38   0   0   0   7   33   0   2   17   0   0   3   41   43   0   3014   0   0   0   0   20   0   0   45   119   0   0   23   0   0   0   0   0   100   0   0   0   42   5   3   0   0   6   9   189   2   0   4   0   0   0   0   0   0   7   159   1   2642   0   2   4   19   0   1   0   9   0   4   
0   0   0   149   0   2   0   37   0   0   0   0   1   0   0   0   2   19   2   0   0   0   0   0   0   0   24   0   0   0   0   0   20   0   0   0   0   247   0   0   0   2   105   0   24   0   12   0   0   3   3   0   0   0   0   0   17   70   363   0   0   6   170   52   0   0   0   0   51   0   0   0   1   0   0   0   0   0   0   0   0   0   21   0   0   0   0   0   0   0   0   30   65   2   0   0   0   0   0   153   740   600   0   1   0   0   0   21   0   0   0   0   0   0   0   0   0   0   0   0   
32   0   0   6   0   0   0   0   116   0   12   0   0   0   436   11   0   7   0   9   0   0   0   0   0   4   2   0   0   0   0   5   1   0   14   0   103   0   105   0   0   120   0   26   0   126   0   0   0   0   0   2   0   0   0   0   65   11   1   0   0   15   0   0   0   0   17   16   20   7   0   0   0   1   0   0   0   1   0   21   0   0   0   0   0   13   1   0   0   0   0   0   1   0   41   0   563   0   32   0   0   19   31   0   0   163   57   0   0   0   5   0   23   0   0   0   24   0   0   1   
0   43   0   9   70   0   249   1   0   14   0   6   0   173   3014   12   3014   0   0   0   40   0   343   0   0   3   0   20   0   7   0   5   0   0   1095   0   0   1   0   0   7   42   0   4   211   0   498   0   0   15   1144   0   0   0   0   0   68   0   0   1   5   0   0   23   23   0   0   2   0   0   6   0   11   0   12   6   413   0   0   0   5   0   0   0   0   0   46   275   0   0   41   0   0   77   0   29   45   7   0   5   0   2   3   297   0   0   0   0   0   0   0   0   0   0   0   0   1   0   64   195   
1   0   2   0   6   0   0   0   0   0   0   3   2642   0   0   0   0   0   0   2   3   102   26   0   0   31   0   3   0   0   0   254   7   56   0   5   0   0   3190   0   0   0   100   30   35   0   4   129   0   0   0   0   11   0   0   0   12   5   0   0   0   0   48   48   11   3   0   344   0   0   0   19   0   2   0   7   6   3   0   5   0   7   0   14   143   19   7   0   203   0   0   0   0   0   0   13   20   4   0   0   0   0   0   0   0   13   0   0   23   12   0   22   0   20   0   0   27   19   0   61   
0   0   21   0   0   0   0   8   0   7   23   0   2   0   0   577   0   393   117   0   0   0   0   0   247   17   0   0   0   2328   0   2   0   0   53   0   420   26   0   0   0   0   13   0   138   12   0   0   266   8   0   0   0   14   0   19   0   0   0   2   0   0   47   70   0   12   8   49   2   58   0   0   0   332   126   56   0   0   64   40   161   0   1095   0   2   0   3   0   0   0   0   47   0   0   0   3   0   0   0   14   0   0   66   0   0   2   0   1   0   0   71   0   0   0   0   5   0   7   0   0   
1   0   0   694   0   15   22   68   17   21   0   0   9   29   0   2   0   4   0   0   0   0   0   0   4   0   0   0   0   0   0   0   0   0   149   0   0   2650   200   13   0   103   0   0   0   0   0   2   0   81   0   0   10   0   0   0   1   0   0   0   0   3   0   0   3645   65   0   0   1   5   0   5   0   2   0   143   0   0   0   0   0   3   0   4   0   0   0   3   0   0   0   0   2   0   1   0   0   0   0   0   26   4   0   0   0   0   0   0   0   33   13   0   70   0   0   11   5   0   49   0   
0   0   0   0   0   0   0   591   0   0   89   0   343   0   0   0   1   0   56   0   0   0   3997   0   0   34   0   74   0   0   1   15   24   4   0   12   0   26   0   0   308   0   2   79   16   0   3   0   0   0   0   0   0   79   0   1   0   2   0   0   0   0   0   0   0   3   0   0   1   0   0   0   0   7   32   0   1   0   15   0   0   0   0   0   3   0   10   0   0   0   0   22   0   96   22   0   0   23   0   2   0   0   0   0   297   26   14   0   0   19   2   0   0   0   1   0   0   0   0   0   
1   0   0   0   0   0   0   11   0   41   0   0   0   0   8   0   0   4   0   19   0   281   0   15   0   0   0   0   6   17   85   0   0   0   0   0   0   7   0   4   7   14   0   0   211   290   43   0   2184   0   4   0   253   0   0   0   0   0   9   0   116   2   0   82   2   0   0   0   7   0   0   0   0   9   0   3   24   0   0   3014   6   0   0   0   1   0   0   0   1   0   49   0   0   0   0   0   466   131   0   21   2   0   0   0   0   10   0   14   22   67   2   0   18   0   0   0   2   238   19   2   
0   0   0   0   6   0   0   0   0   0   0   0   23   2   43   46   0   14   203   41   0   0   22   0   0   0   2   3   0   0   1   0   0   0   5   26   0   17   0   1   0   0   52   28   13   254   1   0   0   15   0   23   0   0   342   0   7   82   0   0   33   0   8   0   332   0   0   2   24   0   0   0   0   266   0   0   0   0   49   0   0   7   84   0   7   0   0   0   8   0   1   2   0   0   0   0   0   11   0   0   2   195   0   0   0   10   0   0   41   128   0   0   23   0   249   20   5   0   0   0   
25   0   0   0   0   0   2   14   0   0   0   42   3   0   0   0   1   0   0   0   4   0   0   0   0   48   0   15   2   0   8   56   0   0   12   0   4   0   15   0   0   0   0   12   0   66   4   0   0   0   0   0   0   0   57   0   0   0   22   0   0   297   0   0   13   0   0   459   0   0   0   56   0   0   0   0   2   0   0   0   1   18   1   0   0   0   11   0   0   13   0   14   9   0   0   0   18   0   96   13   0   2   0   159   113   0   0   156   2   1   0   0   574   0   128   16   25   0   0   0   
105   0   0   0   39   24   0   0   0   0   0   0   0   67   0   1   0   0   13   3   0   0   0   550   0   0   9   0   0   5   45   0   0   0   0   0   0   2   0   0   19   84   0   0   0   0   0   0   103   14   0   0   0   0   0   126   0   22   0   0   0   0   0   0   5   5   32   15   0   1095   0   0   0   0   0   17   13   4   0   7   0   0   0   0   43   0   0   0   0   0   0   0   7   0   0   0   0   0   0   0   46   11   0   0   0   0   0   200   0   12   158   48   0   0   0   3   0   15   0   0   
0   0   0   0   47   0   0   0   1   25   0   137   7   0   0   0   0   16   12   2   7   0   0   159   195   609   0   182   66   15   41   0   0   308   0   103   0   0   0   149   0   0   43   0   0   0   0   0   0   13   51   0   0   3   0   0   7   45   39   0   0   12   0   8   24   0   0   0   0   3645   67   141   0   13   0   96   0   0   24   0   0   18   0   0   0   0   0   0   5   0   0   27   18   0   3   2   7   0   0   0   0   0   14   4   0   26   0   0   33   0   0   0   0   73   64   0   9   0   2   0   
0   7   0   0   0   2   0   0   0   0   0   0   5   577   0   23   0   0   15   591   77   49   0   0   0   1   0   0   0   0   62   0   0   0   8   7   0   153   0   332   0   2   0   1   0   0   105   0   0   0   0   10   0   0   0   9   137   16   96   0   0   0   11   0   2   0   0   3   33   0   0   26   346   26   0   0   26   0   0   17   0   101   0   0   0   0   0   5   253   0   320   22   0   0   0   0   14   0   0   0   14   0   0   0   0   0   0   0   0   17   1   0   0   1   0   0   0   0   1   4   
0   0   1   0   0   15   0   10   29   0   15   12   30   64   0   0   0   0   0   0   0   0   0   42   17   0   0   0   0   0   26   0   1   6   0   0   27   0   0   0   44   600   0   41   52   42   0   0   5   0   0   11   2   19   0   134   0   0   2   0   35   0   0   0   0   36   0   7   0   0   13   12   0   0   0   222   24   0   0   0   0   2   16   0   0   0   3   0   0   0   0   0   0   7   0   1095   0   0   0   0   591   20   0   19   0   0   0   134   0   0   7   182   6   0   0   89   1095   128   559   5   
0   0   0   141   0   0   2   19   14   0   0   0   4   8   0   0   0   0   1   0   12   0   0   0   0   0   33   0   0   0   5   0   8   35   0   0   70   5   0   64   4   0   56   19   0   0   0   0   177   0   0   44   0   0   5   0   0   0   297   7   0   0   43   0   0   0   0   0   1   0   0   48   28   0   0   13   21   0   5   2328   0   62   18   0   0   195   0   0   1   0   0   20   0   0   0   0   0   17   2   0   0   2   0   73   2   4   20   0   0   0   0   9   0   0   0   0   45   9   26   0   
0   0   69   0   105   5   0   3   0   0   0   14   26   0   0   0   0   0   19   0   0   0   0   0   0   48   0   63   0   0   0   0   2   0   1   0   12   0   0   0   0   11   62   0   2   0   0   0   0   0   0   0   101   718   0   0   0   0   0   0   0   32   24   0   11   116   0   0   0   96   0   7   0   2   23   0   0   0   0   0   7   0   0   0   0   0   0   0   0   0   0   0   0   0   7   7   6   43   413   25   0   18   654   0   2   1   0   0   0   0   0   46   5   0   1   2   70   0   0   2   
0   1   0   46   0   0   0   33   0   0   0   0   1   2642   0   5   0   1   0   12   0   0   0   16   0   0   0   2   16   0   0   0   2   0   0   0   0   0   0   41   15   0   56   0   17   76   0   0   0   2   0   0   6   40   74   0   0   0   0   3   0   4   0   0   0   0   0   3   11   0   0   83   3   0   1   0   0   195   3   0   149   4   2   0   0   8   0   0   1   1   0   0   0   8   740   0   0   0   98   18   26   0   0   2   0   0   13   26   153   0   3   0   2   0   0   0   0   0   65   1   
0   56   5   41   0   0   0   0   0   12   0   0   2   1   0   18   3014   0   0   0   0   0   0   173   0   0   0   11   17   0   0   0   0   30   2   0   0   7   2   12   6   16   0   0   0   0   0   0   0   0   0   0   26   363   577   6   498   0   43   2   0   0   2   0   0   2   0   4   4   0   0   0   0   16   0   1   0   10   52   0   0   0   34   5   0   0   0   0   21   0   0   0   0   0   13   15   0   14   0   0   3   0   0   0   77   10   0   0   1222   2   0   0   10   45   10   0   1   0   9   0   
5   0   2   1   0   0   0   70   0   0   0   4   2   0   0   0   6   0   2   0   0   0   2   0   0   0   1   0   0   0   12   0   42   0   0   0   0   0   6   0   0   0   0   0   0   81   0   0   0   43   0   0   2   15   8   0   0   1   0   0   30   10   5   0   0   76   0   2   0   0   0   7   0   0   0   2   2   0   2650   0   0   0   0   0   64   0   0   0   3   0   0   0   19   0   0   0   0   0   0   0   4   3   0   0   0   0   17   37   0   2   0   0   27   0   0   0   0   0   0   18   
116   0   1   67   0   14   2   0   129   0   14   0   0   34   0   1   0   6   0   0   0   0   0   7   0   0   0   0   34   11   5   61   0   0   0   30   0   0   0   0   0   0   9   5   12   0   2   14   14   0   0   0   0   0   57   0   4   0   0   2   70   0   0   48   7   0   0   13   0   0   2   0   0   166   9   0   0   0   64   6   25   29   0   24   0   604   4   0   0   7   0   52   0   51   0   0   14   13   86   0   0   195   0   2   166   177   89   466   0   0   0   0   0   0   31   559   0   0   83   0   
1   0   0   0   15   4   0   3   0   0   0   0   11   0   0   24   1   0   0   1   0   0   5   41   9   0   4   0   0   0   98   1   0   37   6   0   0   2   0   37   0   89   1   0   0   0   13   0   0   0   0   0   35   0   0   0   0   14   0   0   20   4   0   0   35   0   0   9   0   0   249   153   0   0   0   0   0   46   600   53   23   0   0   20   0   0   0   28   14   0   253   120   0   6   0   0   0   2   0   0   0   0   283   0   0   0   0   42   7   0   0   47   0   2   0   9   0   740   0   0   
0   0   0   0   654   3   0   2   7   0   0   0   18   0   27   0   0   42   0   0   0   0   2   0   16   146   0   0   0   0   0   0   0   0   0   0   0   0   51   2   7   0   12   136   4   0   1   134   21   0   0   0   0   5   0   0   0   67   0   32   51   63   0   0   0   28   0   10   0   8   1   0   0   136   0   2   0   466   56   96   56   0   0   0   35   7   0   0   0   0   0   0   21   0   2   0   23   0   14   0   17   5   134   0   0   0   0   22   73   0   0   0   5   0   0   0   0   0   2   0   
0   0   22   2   0   27   0   0   0   0   13   0   0   0   0   0   3997   0   0   125   2   0   0   0   0   0   47   31   0   2   0   0   0   4   0   0   1   0   0   5   0   0   0   0   0   29   0   0   50   0   1   0   0   0   2   7   21   0   0   0   0   0   0   0   6   0   0   0   52   0   0   0   0   0   116   0   4   0   0   99   0   3   45   3   13   0   31   12   0   0   12   2642   126   180   4   0   0   0   4   0   0   0   0   2   0   11   0   96   0   0   0   0   0   0   0   1   393   0   41   48   
0   46   0   5   0   105   0   0   0   0   0   0   0   4   0   0   0   0   0   103   0   0   0   0   211   44   0   8   5   0   0   28   0   3   70   0   2   12   0   5   0   0   0   0   149   14   0   0   64   0   3645   0   0   6   0   0   6   0   0   0   0   0   25   0   0   2   0   0   0   247   456   0   0   0   0   12   0   0   0   8   0   0   0   16   0   26   0   694   43   0   1   0   0   4   0   7   40   25   0   11   0   1   81   0   0   0   0   0   0   0   0   0   1   0   0   0   0   0   44   0   
5   0   1   24   0   79   0   143   50   0   12   65   0   0   0   38   0   1   0   0   1   0   0   0   0   0   0   0   1   113   10   0   1144   0   1   0   0   1103   12   0   12   0   42   0   89   0   0   0   1   13   5   3645   0   16   0   66   10   0   0   0   134   456   116   125   0   15   0   0   46   1   0   0   0   60   0   10   0   0   0   0   0   0   32   14   0   6   0   0   0   67   0   81   83   0   0   609   0   0   85   604   5   0   0   145   1   0   1   6   0   161   14   0   0   0   13   0   0   0   0   68   
0   0   0   13   0   0   0   0   0   0   1   203   0   17   2   2   0   10   0   0   456   30   117   0   0   24   81   0   0   11   0   1309   0   0   0   0   0   17   0   0   0   11   0   0   0   591   0   0   0   0   0   0   0   0   0   0   0   0   0   2   0   40   0   44   0   0   25   86   17   13   0   0   0   0   0   60   0   27   0   36   24   39   19   0   0   0   0   61   0   1   2   182   0   0   0   0   0   46   0   0   0   0   0   12   0   247   0   0   0   0   0   11   1   5   0   44   0   21   1   14   
2   0   11   67   134   0   0   14   0   0   0   0   0   0   9   0   0   8   0   0   0   0   8   22   2   2   275   2   0   0   13   0   0   0   158   61   0   0   0   3   0   0   18   0   0   0   0   0   0   0   5   0   0   0   0   0   0   0   77   17   0   0   0   7   0   0   0   17   0   15   0   0   0   48   6   0   0   0   1   0   0   0   12   2   0   0   1   6   0   34   0   2   0   0   0   0   0   0   6   0   17   45   344   12   0   39   14   195   0   0   0   0   65   0   0   0   0   0   0   0   
153   0   0   2328   1   3   0   4   0   0   0   1   0   0   0   0   0   5   42   0   0   0   0   3   604   0   0   13   0   0   0   0   0   0   0   1   0   52   0   0   24   0   0   28   0   0   0   0   0   0   0   0   31   30   0   0   25   20   0   0   4   0   0   5   0   0   0   0   0   0   0   0   20   0   0   0   0   5   0   0   0   0   0   0   0   5   2   0   0   0   0   2   0   15   25   0   0   0   0   0   0   0   0   7   0   0   0   3   0   0   0   0   0   0   0   0   4   0   0   5   
9   0   82   0   0   2   19   0   0   0   6   0   0   0   0   0   7   71   18   222   0   7   1   0   0   56   0   102   0   0   26   17   0   0   2   149   0   0   121   2   14   12   0   0   574   0   420   1197   0   0   2   0   9   0   0   0   0   5   0   0   3645   0   0   41   0   0   0   0   137   0   0   1   0   0   0   0   17   0   0   76   0   13   173   5   0   0   2875   156   0   0   20   3   42   0   0   0   0   0   0   0   29   0   0   57   12   13   0   0   0   0   0   0   40   0   5   6   3   45   0   3   
0   9   34   0   170   4   1   0   0   0   0   0   0   2   5   0   189   0   13   81   103   0   0   125   28   17   0   0   33   0   45   0   177   0   15   116   0   0   0   0   70   0   66   0   0   8   27   0   0   0   0   0   1   2875   0   718   13   20   0   1   0   0   0   0   26   0   0   46   34   30   0   343   0   0   0   2   0   0   7   22   0   2   222   0   25   6   1   0   0   0   0   0   52   0   0   0   0   12   0   110   0   32   1309   0   22   0   0   6   0   0   1432   0   1   1   20   49   2549   1   0   0   
1   62   0   0   2   63   2   10   18   0   0   29   0   17   1   0   1   0   0   0   1   2   0   0   0   35   2   51   0   0   0   0   0   7   4   18   0   0   0   3014   0   0   0   0   0   0   0   1   10   0   26   0   68   1   0   0   0   2   0   0   0   2   39   17   3   0   0   9   4   0   8   0   23   0   0   81   14   0   0   0   0   0   0   12   159   0   0   0   6   0   0   0   1222   0   126   3   0   0   0   0   0   0   0   0   0   0   3   1505   40   7   0   102   0   0   0   2   42   0   12   0   
0   0   0   0   105   0   0   1505   7   113   0   0   0   0   0   0   0   2   29   42   0   283   0   0   0   0   0   24   14   6   2   0   0   1   17   5   0   70   1   3   0   0   6   0   57   0   0   2   0   0   0   4   0   0   48   40   0   0   0   0   0   0   52   8   0   0   48   0   0   0   0   1   156   0   0   0   0   0   1   0   0   33   0   0   0   15   14   13   0   0   5   0   5   16   4   1   14   0   0   62   110   134   0   0   0   0   3   28   4   0   0   0   0   0   14   0   308   0   3   0   
1   0   0   0   0   0   0   0   40   70   22   0   0   0   0   6   51   0   70   0   0   0   0   0   0   0   0   0   0   8   0   0   4   31   0   2   2   459   0   0   332   0   36   0   42   19   1   0   2184   5   0   149   0   46   0   0   0   0   74   0   0   0   9   41   0   5   0   0   0   12   0   1   0   0   0   0   0   27   23   0   0   0   0   6   0   2549   0   0   0   0   0   13   3   22   7   0   0   18   32   0   0   3   0   3   0   0   0   0   135   0   0   203   0   1197   0   8   0   0   64   0   
0   363   0   0   0   0   420   0   3   0   66   0   0   56   0   40   0   0   0   0   0   31   0   0   0   0   0   1095   0   0   0   0   254   0   0   0   0   0   7   0   0   1   0   0   0   0   1   0   0   47   0   0   0   0   0   0   0   17   2184   0   0   0   0   0   19   0   1   0   6   0   0   195   2   67   0   23   0   0   2   0   0   4   2   0   11   156   101   6   0   0   0   0   0   26   0   0   0   0   0   0   0   0   420   8   0   0   15   0   0   0   70   0   0   0   0   0   0   0   0   0   
6   0   0   0   0   7   0   0   0   24   5   342   0   0   0   1   33   2   0   0   2   13   0   0   0   2   0   121   0   7   146   0   66   2875   6   5   0   0   1   4   0   0   22   143   0   0   0   0   346   0   47   0   0   1   26   0   0   0   0   332   12   1   0   0   0   19   0   2   0   0   2   153   0   0   64   0   0   61   0   26   0   1   0   0   0   82   119   12   0   7   62   0   0   0   17   0   0   2   24   23   0   0   0   0   0   0   20   0   7   153   0   28   0   0   1309   0   12   0   2328   0   
0   0   0   0   12   3   46   0   0   5   0   0   110   0   24   13   609   0   0   0   8   17   0   33   0   0   0   0   0   2   5   0   0   0   3   0   0   0   19   0   0   141   0   23   2   6   0   0   0   0   0   25   0   0   0   45   28   0   15   24   0   46   0   0   32   14   121   0   3   0   0   9   0   0   100   0   149   0   0   0   0   8   3   113   0   0   0   0   0   2   70   126   6   12   0   102   5   0   0   0   17   3   126   0   0   0   1   0   3   34   0   0   0   0   77   0   0   7   103   0   
0   346   100   0   0   0   26   0   5   47   23   0   0   141   0   0   2   3   0   0   0   0   0   0   0   0   0   0   0   563   68   0   0   0   0   2   12   554   0   47   0   0   0   0   0   0   0   0   0   3   2   0   7   55   61   0   0   4   4   20   76   12   2   0   0   101   0   1   0   7   0   0   0   9   7   2   0   163   0   20   0   0   0   57   0   48   0   17   0   10   22   0   2   0   2   0   0   0   0   0   0   0   5   0   0   12   2   0   0   0   0   0   25   35   20   0   58   0   0   0   
0   2   0   0   2   20   13   1   12   8   7   0   0   0   0   0   0   0   0   9   0   2   0   0   0   0   11   5   0   0   0   0   2   0   35   0   14   0   4   0   67   0   6   1   0   25   0   0   0   0   106   0   0   0   0   0   20   66   254   0   0   134   48   0   18   2   0   0   2   0   0   0   15   2   0   26   0   73   81   0   0   0   0   0   0   81   0   23   0   0   0   1   6   99   0   43   4   0   126   0   39   0   166   238   11   0   17   0   0   48   0   1   0   0   0   41   0   0   1   73   
0   0   0   0   0   82   0   0   15   3   3   1   0   26   0   0   0   0   0   12   28   7   35   0   0   0   126   0   0   0   0   0   0   0   0   413   12   0   0   0   0   19   66   195   0   35   180   0   51   0   0   0   12   0   0   11   554   0   17   0   15   0   14   55   1   0   288   1   0   0   7   0   0   249   0   4   41   0   0   0   0   0   1103   0   694   0   0   0   2   0   0   1   0   18   0   0   0   0   3   0   1   2   0   3190   0   3   22   0   0   12   0   0   0   100   53   0   0   0   0   1   
45   0   0   2   0   0   0   13   0   0   0   253   141   0   145   1   15   39   163   0   1   247   2   2   2   103   0   2   238   0   159   46   0   1   0   654   1   23   0   0   0   0   0   0   5   0   17   0   63   0   153   0   0   0   0   0   4   0   134   0   2549   3   563   57   0   0   1   156   17   0   16   0   0   2   0   50   16   0   0   51   0   2   2   0   3   4   0   12   3   0   0   0   0   0   3   0   0   7   2   0   0   14   5   0   55   0   0   39   0   8   6   3   0   0   0   0   0   48   0   0   
2   0   0   604   2   0   0   0   0   0   0   0   0   12   0   0   78   12   0   0   0   0   0   0   3   0   1   0   1222   0   0   1197   0   0   0   0   52   0   0   10   13   0   0   0   149   0   0   45   4   2   14   13   17   0   0   0   0   2   0   436   11   600   120   0   577   0   25   342   1   0   0   0   0   459   0   43   81   0   39   1103   52   158   0   0   9   0   0   134   0   1   0   1144   7   26   436   0   550   0   7   173   1144   0   5   69   0   0   0   2   320   5   0   0   16   0   24   0   0   297   0   5   
0   0   23   0   0   0   0   0   0   5   0   0   0   0   0   82   43   14   0   12   63   0   3   0   559   2   0   0   15   283   16   0   0   0   5   0   17   0   0   0   0   0   43   0   16   0   136   0   0   3   15   0   2   0   0   26   0   0   0   0   0   14   0   17   0   62   0   0   0   7   0   0   0   24   0   9   149   39   1   0   0   0   7   0   0   0   23   2   119   0   0   0   0   0   0   0   0   0   0   0   654   0   0   0   149   0   0   0   0   0   20   0   0   0   0   0   0   0   182   1   
0   4   0   1   8   5   0   3   0   0   7   1   0   14   0   2   0   0   2   0   56   3   7   5   0   0   0   0   0   0   32   1505   0   174   24   26   0   5   4   96   0   0   0   0   0   0   0   0   14   283   0   0   0   0   0   0   0   0   0   0   0   0   1   0   0   1   0   0   0   0   12   73   10   0   12   0   0   0   0   0   0   0   82   2   113   0   0   0   29   0   0   0   0   0   7   0   0   38   0   30   0   0   0   20   0   96   161   0   0   0   0   0   0   0   1   0   7   0   13   0   
0   4   61   0   601   0   4   0   0   0   0   0   0   14   0   22   13   0   0   0   0   28   0   55   12   0   0   0   0   0   0   0   0   0   0   12   0   0   740   1   34   0   0   0   129   0   61   0   0   0   25   158   5   11   0   0   5   0   0   601   0   0   2   0   23   32   0   39   0   84   0   14   0   0   0   16   0   20   0   0   0   0   0   0   14   7   344   23   4   2   3   0   3997   0   149   0   0   0   0   0   7   0   0   138   0   0   0   0   0   15   0   70   0   0   0   49   138   0   0   0   
0   0   0   0   15   12   0   0   7   119   0   0   2   55   173   0   0   0   101   0   0   21   4   0   0   0   0   27   0   17   0   36   0   8   0   57   1   0   0   10   0   2   0   0   0   0   0   320   0   0   4   35   0   141   3   46   0   153   0   0   96   76   0   0   0   0   33   0   0   5   0   0   11   2   0   0   0   180   0   1   0   0   0   0   0   0   0   20   0   436   0   0   15   249   0   0   0   14   0   0   3   0   0   3   0   71   0   1   56   153   25   0   0   0   0   0   0   0   0   0   
0   0   14   0   0   0   14   0   0   138   0   2   0   413   40   0   344   2   16   1   0   0   47   0   0   0   0   0   20   0   0   0   0   0   149   3   0   275   0   0   20   0   0   0   0   1095   0   0   2   0   0   0   11   0   0   0   51   3   0   0   0   25   66   48   1   0   0   15   0   0   0   0   0   48   18   0   0   146   0   0   45   195   61   0   0   0   26   0   0   0   1432   52   0   0   0   0   39   0   73   0   0   32   2   0   0   0   46   432   2   43   135   0   0   2   0   0   5   20   1   0   
0   23   7   0   37   7   0   96   3014   56   0   0   4   0   0   0   0   0   0   0   7   0   0   52   0   0   0   0   189   44   0   0   0   363   24   5   0   0   0   0   0   0   0   0   0   26   0   0   0   0   0   0   0   45   0   5   1197   0   0   0   5   0   8   2   41   0   0   12   0   0   0   0   0   0   55   4   0   31   3   0   0   200   0   7   0   99   28   0   0   0   0   3014   0   0   0   4   6   550   1   131   3   0   5   174   9   0   0   6   0   211   281   0   13   0   0   0   0   0   0   7   
0   0   0   0   0   22   0   2   9   2   23   30   0   0   0   0   11   39   0   466   43   2   0   0   0   14   70   0   15   101   0   0   0   0   65   0   3   0   0   0   0   20   42   0   149   1   0   0   0   17   2   7   2   0   2   26   0   0   0   16   0   65   0   1   420   0   0   27   0   47   0   0   20   6   0   0   0   393   13   134   2   0   0   7   0   149   0   0   0   23   0   1144   0   34   0   0   0   0   604   0   24   0   0   48   0   8   0   0   41   0   0   0   0   0   432   0   0   40   6   0   
0   0   3   0   0   3   0   0   173   21   0   0   0   153   0   6   0   2   10   0   2   7   0   0   0   4   0   0   46   0   0   7   0   0   0   0   0   103   17   0   0   0   2   5   0   2   0   0   11   0   69   38   0   0   47   4   99   1   2   0   1   0   17   0   0   0   0   0   26   0   0   0   0   0   2   0   81   0   10   0   0   249   0   0   19   200   5   0   0   0   13   0   0   14   0   0   0   0   8   0   0   12   0   0   7   0   0   0   0   0   7   0   2   0   3   0   0   0   2   20   
0   297   2328   2   3   0   0   0   1   10   0   15   0   0   106   0   0   0   0   0   0   0   13   0   8   7   0   0   3   0   0   0   4   0   0   0   4   0   0   15   159   4   0   7   23   459   18   0   20   0   4   0   0   2   0   102   20   0   0   46   76   0   0   77   0   82   0   49   10   0   26   498   0   0   0   182   3   0   0   0   0   0   432   0   0   0   0   0   0   0   0   0   343   0   0   53   40   0   0   0   0   0   0   0   0   3   0   0   0   0   0   0   19   0   37   211   0   45   11   23   
0   81   15   0   25   0   14   35   1   1   0   0   1   26   8   7   0   2   0   1   0   2   1   0   0   0   0   0   0   0   0   0   290   116   0   0   39   5   15   0   2   0   34   22   77   0   563   0   222   0   0   0   0   105   34   563   0   3997   76   0   35   0   4   16   5   0   0   70   0   0   2   0   0   24   0   2   11   1   1   17   0   0   0   6   0   0   0   0   0   0   0   0   12   0   0   0   0   34   0   0   2   1   0   21   138   0   27   26   2   0   0   0   0   32   1   0   5   0   0   121   
0   0   0   0   0   2   0   0   0   0   0   0   0   0   0   0   0   67   0   456   2   0   0   0   0   0   0   0   14   0   0   0   0   17   2   3645   0   0   0   0   0   0   0   18   0   2   1   0   6   0   0   34   0   0   7   0   9   3   0   0   0   0   2   17   0   0   0   0   101   4   28   0   26   0   195   0   0   0   0   5   13   0   0   0   52   1   0   0   7   58   4   0   0   0   0   0   332   0   0   0   13   85   0   2   0   134   0   0   0   0   1309   0   563   5   182   0   0   13   0   0   
5   0   0   0   27   0   0   0   0   0   0   26   0   0   79   113   0   12   0   0   413   0   19   66   17   86   0   7   2   0   266   0   0   22   26   56   0   33   0   1   0   15   0   0   0   0   5   0   15   0   0   0   0   0   0   2549   180   0   17   0   52   0   0   23   0   0   0   0   17   0   13   3997   0   0   0   0   0   0   7   0   0   26   0   1   0   41   52   0   0   0   0   0   153   0   57   0   0   0   1   0   0   0   0   0   6   7   0   0   81   9   0   651   0   9   0   28   0   11   2   2   
68   0   7   17   0   798   3   1   0   0   0   0   15   3190   0   55   0   0   0   0   0   0   14   7   89   20   0   2   12   0   0   0   15   0   0   0   0   14   1   5   143   0   0   0   26   0   24   0   0   35   0   0   2   119   7   0   253   0   17   20   0   0   0   40   0   0   2328   0   0   19   0   1   0   0   0   0   16   0   0   0   41   0   12   0   0   52   62   0   11   0   0   7   69   3   0   9   0   0   0   4   0   0   0   0   26   1   0   0   0   0   4   0   9   2   0   0   0   0   14   266   
62   13   0   0   0   0   23   0   149   0   3   0   0   15   0   0   0   0   0   0   0   0   0   8   0   52   0   0   2   0   0   0   5   5   0   0   6   0   0   0   0   0   17   0   591   2   0   0   563   0   81   0   0   12   0   5   0   0   798   0   8   53   0   0   0   0   0   0   0   0   0   0   0   2   0   0   0   0   0   0   0   0   0   0   0   2   0   0   2184   0   21   0   0   74   0   0   0   26   0   0   44   0   0   16   0   343   0   57   0   0   601   9   0   0   0   0   4   0   0   0   
0   0   3   10   0   0   15   13   131   0   0   1197   0   0   0   0   0   0   0   26   0   0   0   0   42   23   0   0   106   0   0   0   0   1309   8   7   116   0   9   0   0   0   27   0   0   0   0   0   0   0   0   149   0   0   9   0   0   0   61   0   320   6   0   0   2   18   0   6   1   110   0   137   0   0   0   7   0   0   208   0   0   0   1   0   0   0   283   0   0   14   0   1144   12   7   0   0   0   0   0   0   0   126   0   0   0   0   89   189   12   17   0   0   0   44   29   0   0   0   0   17   
12   0   0   2328   0   0   0   17   0   0   0   0   0   25   173   33   0   0   0   0   0   0   0   0   0   0   574   0   0   16   0   0   2   0   0   0   1   0   0   23   0   3   0   0   1   46   0   1   138   6   1   0   0   8   344   0   3   0   0   0   420   0   15   53   23   0   0   43   0   7   0   0   0   0   0   0   0   32   153   16   1505   0   0   0   13   2   0   0   0   0   2   0   3   0   591   0   0   0   654   36   0   1095   2   12   0   10   18   0   46   5   7   0   0   16   0   0   0   0   2   14   
0   0   0   0   13   0   0   2   12   105   7   0   0   32   0   31   0   14   0   0   13   0   0   34   0   0   0   56   17   2   2328   5   0   0   64   42   0   0   56   0   0   17   0   2   0   6   0   13   0   0   0   2   1   125   0   138   0   1   13   0   0   0   0   0   2   17   2   0   0   0   14   0   0   9   5   2   2   0   3   0   16   0   10   12   136   332   0   0   0   0   4   0   82   0   13   8   0   0   153   0   0   11   8   0   25   0   0   11   0   67   136   254   3   0   26   29   0   0   12   1   
0   0   2   89   7   0   0   0   0   0   0   0   31   16   1   1   0   5   0   2   0   0   0   0   0   0   651   4   0   0   0   0   654   48   0   0   0   0   0   37   0   0   0   0   13   0   0   23   0   6   0   0   0   0   39   0   2   12   189   0   0   20   3   0   2   0   7   0   41   0   0   0   0   0   48   0   5   52   283   0   0   651   41   0   1   19   0   0   0   0   8   25   0   5   0   0   0   0   32   3   0   0   8   0   14   42   3645   1   0   23   17   0   6   22   96   0   14   41   1   11   
0   0   0   0   7   15   5   177   9   5   0   0   0   15   0   0   14   0   0   39   69   0   0   0   0   117   6   0   0   0   24   14   0   113   3   0   0   0   0   0   67   0   0   0   0   0   0   0   0   0   0   0   0   0   0   0   0   26   2   0   12   0   0   0   99   0   0   17   1   0   2   2   2   126   0   0   0   0   0   1   9   0   0   0   0   0   0   0   0   16   22   0   0   89   13   0   0   0   0   0   21   0   0   12   0   0   5   116   22   5   0   0   149   0   0   5   0   0   26   138   
2   0   0   0   0   0   0   7   15   0   17   0   0   0   0   24   68   456   0   0   15   0   0   3   0   0   0   0   0   0   0   0   0   4   0   0   0   0   0   0   0   0   0   0   120   7   0   0   27   0   8   0   718   0   0   0   1   1   26   0   0   24   66   0   0   798   0   0   0   5   0   0   4   56   0   0   85   81   0   0   254   0   0   17   56   0   0   12   0   332   0   0   0   740   0   0   13   0   0   113   0   45   2   116   74   0   0   29   0   4   0   0   21   0   0   2   0   0   0   0   
0   14   30   44   0   6   10   0   0   0   0   19   17   2   0   0   0   0   0   14   0   0   0   0   29   0   1   0   0   0   0   8   0   0   50   0   0   0   5   563   12   0   0   0   0   0   0   0   0   0   58   134   0   9   0   0   24   0   137   17   7   0   3190   0   0   17   0   9   0   0   0   21   0   0   0   0   0   0   5   7   0   42   15   0   0   56   131   0   15   0   7   62   0   17   0   1   0   0   0   13   0   0   65   0   7   0   1   1   601   0   0   0   2   0   0   67   0   0   0   96   
43   0   577   0   0   0   26   0   0   2   3   159   203   0   22   0   0   0   0   0   0   0   0   0   0   0   53   0   0   0   0   57   0   0   0   0   0   41   0   0   0   0   0   436   420   3   798   0   8   0   0   0   4   0   0   0   0   0   0   62   23   7   0   0   0   0   17   0   393   10   0   29   12   4   0   24   0   0   1   55   7   0   0   0   0   5   0   0   0   0   0   0   0   0   0   0   30   1   11   39   37   0   0   0   0   0   0   7   3   0   0   0   21   0   0   0   0   12   0   73   
0   4   85   8   5   17   0   13   0   5   0   76   17   0   2   2   1   0   11   0   28   106   14   89   0   0   0   0   15   0   498   8   0   17   0   0   0   0   3997   9   21   0   363   0   0   0   0   0   0   0   141   0   0   6   0   48   0   1   0   12   0   79   0   0   0   0   0   0   0   0   0   56   0   0   0   0   0   0   0   61   0   0   0   0   14   1   34   0   1   195   56   0   23   56   0   0   2328   13   0   0   76   0   0   0   0   0   0   0   47   0   42   0   0   0   0   116   46   0   0   2650   
0   0   0   0   99   0   6   0   0   1   0   0   0   0   0   0   81   96   0   0   0   0   2   12   0   8   0   0   0   39   0   0   0   0   4   550   1   0   0   0   2   40   195   0   0   0   2   0   0   0   0   222   0   4   0   0   5   46   0   0   0   35   0   0   0   0   4   0   0   0   51   2   4   81   0   0   5   0   0   0   0   0   15   0   0   24   0   5   3   0   0   15   31   609   17   26   0   2   29   46   2549   0   0   0   16   297   7   0   67   0   0   0   0   0   0   0   3   28   0   11   
0   2   22   2   82   10   21   0   0   0   14   0   0   0   0   0   0   0   0   0   0   0   0   0   0   0   0   0   101   1   0   0   0   0   0   0   136   0   38   2   0   0   0   0   0   0   7   0   0   0   0   0   0   0   0   0   4   0   0   1   0   23   0   0   12   0   2   0   67   27   2   222   0   0   2   0   0   0   0   0   0   0   46   0   0   14   0   0   0   5   195   0   0   129   0   0   0   0   0   0   103   0   0   2   0   4   70   0   6   0   0   0   0   14   120   0   0   0   0   6   
0   0   0   28   0   0   5   0   0   24   0   0   0   0   116   0   0   78   0   0   0   0   0   222   600   0   0   0   2642   6   14   0   0   9   0   342   12   106   5   0   0   0   0   134   0   2   0   0   3   3   26   57   0   5   2   0   5   0   0   254   3   0   0   119   12   0   0   14   0   0   2   9   11   0   3   0   1   5   1   9   8   0   0   0   0   27   0   0   0   56   0   0   0   0   11   0   0   8   0   0   1   16   0   0   0   0   0   45   17   0   0   26   0   0   0   0   1505   0   0   0   
0   0   3   0   0   0   158   0   0   41   0   0   14   0   5   0   67   26   15   0   0   0   0   22   18   0   0   0   0   0   0   1   0   9   0   0   0   1   3   14   0   8   0   128   0   16   0   0   180   0   0   0   0   0   0   137   0   0   0   0   0   29   0   0   0   0   0   0   0   0   0   0   0   0   0   0   0   0   0   0   12   0   0   0   3   0   0   0   0   0   0   0   0   0   57   0   0   0   0   0   0   102   0   0   6   0   1   9   0   0   0   0   0   0   79   0   69   26   0   0   
0   17   436   0   0   4   7   23   40   28   0   0   0   0   3   0   0   0   22   0   0   0   0   2   4   52   52   0   19   1   3   0   65   0   0   0   0   28   0   0   0   0   0   0   7   24   13   0   8   35   3   0   0   0   51   0   1   20   0   0   0   39   0   0   0   0   10   0   52   0   0   3   0   0   0   3   0   17   1   32   56   0   0   0   57   0   34   0   0   8   0   1   0   3   48   0   0   0   275   0   0   13   0   2   0   99   0   0   0   0   24   0   12   0   0   0   6   0   0   0   
0   48   0   253   35   0   0   0   0   0   27   27   2   3   0   0   0   0   0   0   12   0   0   0   23   0   0   0   25   0   0   0   0   0   0   0   0   68   0   3   0   0   12   0   153   1   9   0   200   0   3   0   0   1   0   0   0   0   62   0   9   0   47   320   0   0   0   98   0   195   6   0   0   134   0   2   0   0   0   0   0   17   0   76   0   0   0   0   7   0   0   0   5   0   0   0   6   0   0   0   0   17   0   0   15   27   0   125   0   0   0   0   8   2   0   33   0   1   0   24   
71   0   2   13   0   0   0   86   14   0   0   0   16   0   2   0   47   12   0   26   131   3   0   0   0   0   121   0   0   0   1   0   64   0   0   0   25   0   20   0   126   0   48   0   0   0   0   0   0   0   1   3   0   71   116   0   0   0   0   0   0   0   0   0   0   1   0   3   0   320   0   0   0   0   0   0   0   7   20   0   1   0   4   0   0   0   0   0   0   0   1   211   6   20   1   1   7   0   0   55   7   0   13   0   0   161   0   1   0   0   2   8   18   0   0   0   0   15   0   0   
0   0   5   0   1   1   0   135   0   0   26   0   0   0   2   0   0   0   420   0   0   0   0   0   0   0   28   0   0   0   0   0   0   0   11   12   0   0   0   275   0   0   0   0   0   0   0   0   0   0   0   0   0   0   0   740   21   0   0   420   2   0   0   2   0   0   0   1   0   45   0   10   432   0   0   0   42   0   0   0   43   0   0   13   0   0   0   0   0   0   1   0   0   266   0   0   0   0   5   106   20   26   0   0   200   0   14   0   0   0   8   14   116   0   0   0   0   0   0   0   
0   27   0   0   0   57   0   0   0   146   0   0   44   0   24   0   0   0   0   30   0   0   0   0   2   0   0   2   0   4   161   11   0   21   22   131   0   0   0   6   0   15   26   0   24   0   0   0   0   0   7   0   0   0   0   24   0   0   0   23   16   0   2   0   238   0   44   7   67   73   19   2   8   0   0   26   0   694   0   0   0   0   61   0   0   0   0   0   2   7   0   297   0   0   346   1   0   0   0   0   0   0   0   32   0   0   9   0   6   9   0   0   135   0   62   0   1   0   2   12   
0   0   14   0   0   0   49   0   0   2   0   0   0   0   0   0   0   0   0   17   0   0   110   0   7   0   49   1   0   0   0   1   134   3   0   0   21   0   0   26   456   0   10   0   0   0   332   0   1   0   0   0   0   0   0   5   4   0   342   297   14   64   0   0   0   0   0   0   0   0   2   0   344   12   0   9   0   8   1   0   0   51   0   0   2328   0   0   0   0   0   0   57   0   0   0   18   53   0   3   0   0   0   9   0   0   0   0   0   0   0   58   0   0   0   26   0   0   0   0   0   
0   0   14   0   129   0   103   0   39   0   0   119   1   0   0   0   2   0   0   39   0   0   0   0   1222   0   0   0   0   105   0   3   0   0   102   1   26   3   1222   0   0   0   3   0   61   0   0   0   0   2   16   113   0   0   2   5   13   0   2   0   0   18   0   2   0   0   0   7   0   1   31   0   0   7   0   0   1   1   0   5   0   0   0   0   0   0   0   0   0   0   0   0   0   0   0   146   0   1   77   2   0   0   550   51   0   0   5   0   0   0   0   0   0   0   0   12   0   0   0   149   
0   0   121   0   0   0   5   12   5   0   0   0   40   64   0   0   0   0   0   0   0   0   26   0   0   1   393   0   0   0   0   2   0   0   0   0   0   0   0   25   0   0   0   17   1432   10   0   0   0   7   0   0   0   7   0   0   0   0   0   1   0   0   81   0   46   0   0   1   0   0   18   2   0   13   2   0   0   0   0   17   0   0   0   3   134   66   0   0   0   6   0   3   12   0   0   208   0   5   11   0   0   0   0   2   0   0   23   0   0   22   0   0   0   0   0   0   0   0   0   0   
2   0   0   0   11   46   5   0   0   0   0   0   18   0   2   0   3   0   0   0   18   17   0   0   0   195   0   0   21   554   3   0   0   0   19   0   0   1   0   0   0   0   24   28   23   14   23   0   25   0   0   0   0   0   2   0   0   0   56   0   0   146   0   1   32   0   0   26   2   0   0   0   153   12   0   20   0   0   0   0   0   0   0   2   0   22   0   2650   320   0   0   0   0   21   0   0   0   47   0   0   82   0   138   0   0   0   0   0   0   106   0   0   9   0   0   2   0   0   42   0   
16   0   3   0   0   0   0   0   0   0   208   66   0   23   12   0   12   2   20   24   1432   182   8   0   0   0   0   0   0   0   0   0   2   0   0   0   0   2   166   0   8   0   4   0   0   2   2   0   3   24   156   0   0   0   0   0   149   0   0   38   0   0   0   5   0   0   0   0   0   15   8   0   11   22   0   0   5   0   1   554   12   0   0   0   0   247   1   0   1   38   0   3   0   0   4   0   0   203   0   0   195   0   2   0   0   53   0   0   0   7   0   153   0   0   0   0   28   0   14   22   
23   0   174   0   0   0   1   119   3645   3   0   129   0   23   0   0   0   222   45   9   32   74   0   17   0   1   0   56   0   0   5   2   0   0   0   0   0   0   0   0   5   0   0   0   0   0   0   0   0   0   159   0   5   0   0   70   0   16   23   3   4   21   0   211   0   2   2650   0   0   0   0   0   4   3997   71   2   46   1   32   0   0   0   0   0   0   0   0   0   0   29   0   0   1   0   153   0   0   0   591   0   4338   0   3   89   0   0   0   161   0   0   5   0   0   51   0   0   0   0   0   182   
0   29   3   0   7   1505   0   0   0   0   0   15   0   0   0   19   1   0   0   9   7   0   0   0   0   0   0   0   0   0   0   24   16   3   0   19   6   0   0   0   43   5   0   0   0   0   0   89   0   2   0   0   0   63   7   1   0   0   283   0   0   0   7   3   0   0   0   52   0   0   0   11   0   0   13   0   0   0   85   320   0   0   5   0   2   0   4   0   0   0   0   0   8   16   0   0   0   0   0   0   346   31   3   5   0   0   0   0   6   41   0   2   3   0   0   96   0   0   136   0   
0   0   0   0   0   52   12   0   0   18   0   0   0   574   156   34   0   0   46   0   0   19   0   591   161   0   0   0   0   5   0   591   0   0   102   5   0   0   0   0   0   3014   0   85   149   0   0   0   0   47   577   105   0   0   0   0   8   0   0   4   0   0   83   12   0   8   0   9   0   100   0   3   0   51   0   0   3   0   0   0   5   83   1   0   0   0   0   3   0   0   0   0   0   0   1   0   0   0   0   0   0   0   0   0   0   0   0   6   4   9   0   0   141   0   52   0   0   1309   247   0   
0   0   0   0   0   0   1   0   0   0   249   67   0   63   0   0   0   0   126   3   0   0   2   1   0   0   0   0   62   0   0   0   0   0   0   7   0   0   26   12   13   2   0   0   0   11   7   0   0   0   0   43   0   0   1144   0   0   0   0   0   84   189   0   0   55   52   0   0   0   0   1   0   0   0   0   16   0   56   134   5   0   0   9   0   0   0   10   0   0   0   0   0   1   37   0   19   0   67   0   48   0   0   8   0   0   0   0   740   432   0   0   2   12   0   0   0   0   0   0   32   
0   0   0   1   0   2   12   0   0   10   17   22   14   1   2   0   0   4   86   0   0   2   0   0   0   0   0   0   14   591   0   0   8   0   29   4338   0   24   5   0   24   0   211   577   0   0   0   19   121   9   7   16   2328   0   0   3   0   0   0   0   69   0   0   7   52   0   2   0   0   0   0   2549   0   3   0   0   0   554   0   0   0   0   0   0   116   0   13   0   0   28   3   0   0   9   70   0   0   0   0   0   0   1   0   1   0   39   0   0   0   0   0   0   0   0   0   21   0   0   0   1   
0   0   3   0   0   0   0   158   0   0   0   0   0   0   34   0   0   0   0   0   32   0   2   7   0   33   0   0   2   48   0   2   0   74   0   0   13   5   0   1   363   0   0   0   2   0   0   0   2   0   0   113   0   17   3   0   0   0   208   0   0   554   211   12   2   135   0   17   32   0   0   76   4338   5   0   0   0   0   26   0   67   0   0   2   0   57   5   0   44   0   0   2   0   0   66   12   0   393   0   6   0   0   0   2   0   0   61   0   0   3   177   30   0   56   0   8   2   2   15   0   
0   43   0   0   0   0   0   0   0   66   4   0   0   17   149   19   4   0   0   1   0   0   0   15   0   50   0   0   65   0   0   0   600   0   1   0   0   0   0   49   0   34   0   0   1   0   2   12   6   4   1   1   12   1   0   9   23   1   6   0   0   7   29   0   0   0   39   1   2328   0   0   0   0   0   0   0   98   0   0   9   5   0   43   2   0   0   0   0   9   0   0   0   4   0   0   10   0   14   0   0   0   0   0   4   0   0   0   0   20   1   0   0   0   0   0   0   0   0   3   0   
0   0   1   24   15   2   0   0   0   0   0   0   1   0   121   1   48   0   0   0   0   15   64   0   0   0   0   0   0   0   2   149   0   0   0   1   563   0   0   0   0   0   12   0   28   0   33   1   0   39   0   0   16   0   0   0   0   0   0   0   0   0   0   41   1   0   0   0   0   0   12   0   0   7   5   0   0   158   0   0   0   0   149   46   0   0   0   4   0   0   84   0   119   41   5   2   53   0   0   141   0   0   0   12   0   0   0   0   57   0   0   0   2   0   37   0   0   0   0   13   
0   0   24   0   0   57   0   0   2   0   0   0   6   0   47   0   9   0   0   5   0   65   0   0   0   7   56   19   11   0   0   0   0   0   0   554   23   0   436   18   42   0   0   0   0   0   0   0   2   0   0   0   0   0   0   24   0   1   0   20   1   0   283   26   0   43   24   0   0   7   0   0   0   89   4   0   0   0   5   17   0   24   0   0   0   0   0   2   0   0   0   0   0   24   0   103   0   24   0   0   0   0   0   16   0   0   0   0   0   0   0   0   8   0   20   0   3   0   0   0   
0   12   1   0   0   3   34   19   0   56   5   0   1   0   46   8   45   0   0   145   24   2   0   49   0   0   4   0   0   15   16   0   0   0   0   0   22   0   9   2   101   0   0   2   0   12   2   0   45   5   0   13   0   0   0   0   125   18   0   0   74   0   0   0   0   0   0   0   22   28   0   0   0   0   0   0   7   0   2   8   1   134   0   20   81   0   0   0   0   0   0   8   0   0   0   0   195   2   0   740   0   0   0   0   0   14   222   0   0   11   9   0   174   9   35   0   0   9   51   0   
563   0   0   70   0   0   0   0   16   0   0   3   0   0   0   0   0   0   8   11   4   0   0   0   0   0   0   0   51   0   0   0   0   2   0   0   77   0   0   0   3   0   0   0   3   0   0   0   62   0   64   8   0   156   0   0   0   16   0   0   0   96   0   0   0   0   0   0   0   13   24   0   0   0   0   14   0   346   798   0   0   0   0   0   0   0   2184   0   0   0   15   7   1   0   0   2   0   8   0   1   46   26   0   0   0   0   26   0   0   0   0   0   0   456   0   0   0   0   0   0   
3   0   13   17   0   0   0   0   0   0   0   0   2   74   40   0   35   0   0   2642   0   44   3   84   0   23   0   0   0   2   0   25   0   10   0   0   70   0   117   2   47   0   138   0   0   0   38   0   0   82   0   0   0   14   0   0   28   0   0   116   0   0   0   21   0   0   694   0   16   0   0   4   0   9   0   52   0   0   2   7   0   7   0   0   189   0   0   0   0   12   0   0   24   0   0   31   0   0   12   0   0   0   0   0   0   2   32   2   0   0   0   0   0   0   0   1197   67   0   0   0   
0   0   47   0   78   32   0   17   5   1   14   0   2   0   0   0   2   5   0   0   0   0   0   17   43   3190   0   0   308   32   5   1   0   0   16   0   0   0   0   48   10   5   0   69   0   9   57   0   0   1   5   70   52   9   0   4   0   0   0   1   28   0   23   23   0   149   0   0   0   1   0   0   0   0   0   0   0   0   0   0   17   0   0   0   8   74   0   0   0   0   253   101   0   105   0   23   10   0   0   1   0   45   363   0   0   0   40   0   0   23   76   0   0   17   0   0   0   14   343   0   
0   0   0   0   20   1   2   0   0   0   0   20   0   0   0   0   0   0   2   3   0   19   14   0   0   4   13   156   4   0   0   0   159   0   0   0   550   0   0   1   31   2   9   46   0   0   4   12   20   105   694   740   126   0   0   0   2   56   0   0   7   0   0   0   7   609   0   0   42   0   0   0   0   0   0   0   0   39   0   0   0   6   0   6   26   0   27   0   0   29   0   0   0   0   0   2   0   153   0   0   2875   0   0   0   2   0   0   0   0   20   0   0   0   0   0   0   0   0   0   2   
0   0   0   0   5   0   19   0   3   0   0   136   0   0   0   0   3   0   0   18   2   0   0   0   0   0   2   0   177   4   0   0   0   0   0   0   0   0   0   21   145   0   0   63   0   21   56   4   0   13   22   609   41   0   0   0   0   26   0   0   0   0   0   0   22   42   3   0   0   0   0   0   0   4   0   4   0   0   0   0   106   0   10   0   78   0   0   0   0   0   0   0   101   0   0   0   96   0   22   0   0   0   0   0   0   0   0   0   0   7   0   0   0   0   0   0   0   0   5   0   
0   0   0   125   13   0   0   0   0   413   57   7   0   18   13   0   0   0   15   141   0   0   0   0   44   129   0   0   0   7   0   0   0   0   0   0   20   0   0   0   0   0   0   0   0   0   0   0   0   0   0   0   11   0   654   42   1   96   0   5   5   0   0   0   24   0   26   64   5   9   0   0   0   0   3   14   19   18   0   0   6   1   0   0   2   0   25   0   0   24   0   28   0   2642   16   0   149   0   0   0   0   0   0   0   0   0   0   2   0   1   0   0   21   0   0   2   0   0   0   0   
13   0   0   0   0   0   0   53   0   0   0   0   0   0   39   0   0   0   0   0   0   61   0   12   0   0   0   0   0   4   0   0   0   0   288   0   0   0   0   0   9   3   16   20   0   4   0   0   0   0   0   15   145   7   2   0   0   20   0   55   0   4   0   28   3   0   0   0   0   247   6   0   0   29   0   0   0   0   0   0   0   0   11   0   0   0   24   0   23   0   0   0   82   35   0   0   0   297   9   0   0   609   1   0   15   0   0   0   0   0   0   14   0   694   4   0   2   0   0   22   
6   28   0   25   3   0   0   26   0   0   0   0   35   15   0   24   0   0   2   0   8   79   0   0   6   2   0   15   2   7   89   0   12   0   0   0   0   44   1   0   67   0   14   2   0   6   0   0   0   2875   0   0   0   1   0   0   0   40   0   3   0   34   0   0   0   3   0   18   6   2   0   0   77   0   0   0   0   0   12   4   96   0   0   0   0   0   1   0   0   0   0   0   0   42   0   10   0   0   0   0   27   4   0   2   7   0   0   1   0   2   0   0   0   0   0   2   156   70   0   0   
0   0   0   798   12   0   0   0   56   0   11   0   0   0   0   0   66   0   0   47   0   159   0   2   0   0   0   0   10   2   13   4   15   1   10   0   0   0   0   19   2   0   0   0   46   0   0   0   0   0   0   436   33   6   33   3   4338   0   0   1   0   0   5   0   0   0   0   0   0   0   30   0   456   11   4   45   12   0   0   740   0   28   0   0   0   0   100   0   0   0   9   0   8   2   0   0   0   0   0   0   0   20   0   0   5   0   52   15   0   0   0   0   5   0   0   0   0   0   0   0   
0   0   0   0   0   1   8   101   0   12   0   3   432   0   0   0   0   22   0   0   0   0   2   0   0   0   103   0   0   18   2   0   0   3   0   0   0   1   0   45   126   0   0   0   0   0   0   0   74   0   0   0   8   76   0   0   0   0   102   61   0   0   0   195   0   2   574   1   0   0   0   65   2   0   0   0   0   0   0   0   0   5   0   0   0   0   51   14   0   0   2   83   0   0   0   0   42   5   0   4   1   0   0   76   0   50   0   149   0   2549   0   2   0   33   0   0   0   346   0   0   
0   0   0   0   0   2   0   0   0   0   0   22   3   0   0   1   0   41   0   0   22   5   2   0   7   0   600   0   0   116   0   0   2   1   0   1   0   0   158   0   0   60   0   8   0   0   0   1   0   0   0   0   0   0   23   16   116   0   0   76   0   0   1   5   0   0   0   0   0   0   0   57   42   0   0   0   2   0   7   5   6   0   0   0   0   0   3   0   3   105   0   0   1222   0   3   0   33   29   1   0   0   81   0   0   0   0   0   0   0   16   0   0   0   0   0   0   0   33   0   1   
346   0   288   0   0   9   0   102   0   0   0   0   0   39   0   0   1   0   0   654   28   46   3   7   4   0   2   4   49   0   0   0   0   0   18   0   0   0   0   0   0   0   166   131   126   0   116   40   0   8   0   0   0   1   554   0   0   0   131   0   26   66   9   0   13   22   5   0   0   19   0   108   0   2   195   0   17   0   17   0   67   1   0   0   2   0   0   0   0   0   0   24   49   0   0   0   0   0   0   288   0   64   8   0   2875   145   0   19   0   0   0   0   0   0   0   0   12   0   5   0   
1   0   0   0   14   0   0   0   34   0   7   6   0   0   138   1   0   0   0   0   0   0   0   0   0   0   12   0   0   0   0   0   0   0   0   0   0   3   1   158   574   0   0   0   0   0   0   0   7   0   0   0   0   2   0   0   7   456   134   0   0   0   13   0   0   5   0   466   0   0   0   0   12   0   0   1197   0   0   5   0   0   0   2   0   0   22   67   0   0   0   0   23   0   0   1   0   0   577   1   0   66   0   67   0   0   0   0   0   0   0   0   0   1   0   116   0   0   0   0   0   
8   0   7   0   0   0   195   102   7   7   12   0   0   0   39   0   156   0   26   24   0   718   0   0   0   5   0   0   0   41   0   70   0   0   11   0   4   203   2   0   0   0   0   1   0   0   11   14   0   0   64   0   0   58   0   0   0   3   3   0   0   283   0   0   0   13   559   0   0   0   0   0   0   24   19   65   33   126   25   0   0   0   0   0   0   2   14   0   0   0   0   0   52   0   12   24   0   0   4   4   0   2   57   0   0   7   0   19   0   0   0   78   149   51   0   1   0   0   26   15   
0   0   0   8   0   0   0   146   0   0   11   6   0   0   17   0   2   1   0   0   49   13   28   46   10   0   49   12   1   0   6   459   0   105   0   0   0   24   0   0   0   0   82   0   0   0   0   0   0   0   0   0   9   344   0   189   4   52   76   0   0   7   14   3997   0   208   0   62   0   0   9   0   17   0   5   0   0   222   0   3   0   159   0   0   0   0   0   0   0   0   0   0   0   0   23   0   0   1   116   0   0   0   0   0   33   0   0   0   1   0   0   0   62   0   2   0   106   0   3   0   
153   2   7   0   2   0   0   5   0   96   12   0   0   16   0   0   2328   2   0   17   0   0   0   0   1197   86   21   8   2   0   2   0   3   0   7   13   0   0   0   3   4   9   18   53   0   0   203   0   0   0   8   4338   0   0   3997   47   0   0   126   0   6   4   0   0   0   52   1   7   0   20   0   0   0   0   2184   4   0   1505   0   2   0   21   0   0   0   1   52   432   25   5   0   149   0   0   0   3   0   4   0   23   41   0   238   13   0   0   9   0   554   0   73   21   0   0   0   9   0   0   0   0   
0   0   0   21   0   3   0   0   12   0   10   39   26   0   0   101   0   0   0   0   0   0   0   2   550   0   14   0   3   0   0   0   5   0   20   2328   0   0   0   0   0   0   9   173   0   0   0   413   0   1   0   211   0   0   0   0   0   2   156   0   0   0   0   16   0   0   0   62   0   129   0   0   0   0   12   2   40   0   0   10   0   550   0   0   0   0   0   0   0   0   0   27   180   0   0   1   149   24   16   20   0   2   0   0   0   0   466   0   0   34   0   34   0   0   0   0   0   173   0   0   
