120
0   20000   0   5600   0   0   0   0   0   0   2600   33800   993200   0   0   0   0   0   0   0   0   0   0   1000   0   225300   22500   0   0   0   0   500   23900   3700   0   18800   0   800   0   0   0   0   0   0   0   0   94000   0   0   0   174700   0   535600   280700   0   400   600   0   0   9400   0   11700   0   0   300   0   100   0   0   81800   0   200   2659900   300   0   0   0   0   6700   0   88700   0   0   0   27400   4600   66200   84500   0   0   9500   49000   45300   0   0   0   0   0   0   0   63100   15800   1100   0   0   0   2900   0   113700   0   114900   0   57400   0   7200   200   300   7200   9200   100300   
0   0   0   0   0   0   0   4900   0   0   0   0   0   0   0   403400   0   0   0   0   0   0   0   0   0   0   0   0   0   0   0   0   0   0   7600   0   12800   0   2900   16900   96200   0   316700   0   0   1000   0   5700   0   0   0   0   0   0   104200   0   0   0   0   0   0   0   300   300   0   0   238100   0   0   800   0   0   0   0   20900   0   0   0   400   0   224600   8400   0   0   0   0   100   0   302100   0   22100   3300   400   0   44200   0   6500   0   5300   0   0   0   0   0   53500   0   0   0   309800   0   0   0   0   0   700   0   0   5100   1616600   254100   
800500   4600   0   0   0   1800   0   0   0   0   0   0   0   3100   0   300   0   0   331900   0   3600   0   24600   199200   0   280700   0   600   0   0   5900   12300   55200   0   0   0   400   800   7400   2200   0   2600   0   0   0   0   0   2100   0   114500   0   0   0   100   100   1000   0   0   0   0   0   0   0   259600   0   0   0   94000   0   1100   1000   0   4300   8900   0   10000   0   0   0   0   169000   0   0   0   993200   0   0   0   31000   0   300   0   9200   0   0   400   0   108300   0   0   0   1300   0   0   0   0   5600   0   0   2600   0   0   30900   88700   553500   0   0   0   100   0   
77100   0   0   0   9500   0   0   0   0   0   0   0   0   0   44200   0   107900   0   29100   0   0   0   0   0   0   0   0   0   0   0   3800   0   0   15900   0   0   0   400   0   63100   1300   548600   0   6700   0   0   104200   0   98700   100   0   0   0   0   100   42500   0   0   0   0   0   0   149400   896000   802100   3900   0   0   0   30600   400   9400   0   0   0   0   0   0   89100   0   0   588800   0   0   0   0   211400   71300   109200   200   0   403400   0   1000   3600   17400   0   37100   34400   200   0   32600   0   325300   0   0   207800   0   16400   0   0   32800   0   0   7400   0   34800   0   0   56300   
15900   0   39100   0   0   38600   0   0   3700   0   52900   0   6700   0   0   200   0   4000   0   9900   277700   23500   4300   309800   0   394900   18600   0   84500   169300   9900   0   0   0   0   69400   0   0   24600   11000   0   40400   0   0   0   26500   0   0   196800   0   144800   0   0   0   0   0   588800   0   0   0   0   100   14600   0   40300   0   0   2700   0   36300   600   0   0   0   100   14900   23500   0   67900   1300   21100   0   0   0   6300   0   21000   0   0   0   32200   0   0   21800   0   0   0   10400   80200   0   0   0   114700   0   100   0   316700   0   0   0   0   106100   0   0   900   0   0   0   7000   0   
0   14200   0   0   0   0   0   0   0   72300   0   3100   0   0   207900   0   0   1384500   0   0   0   15900   0   17400   0   0   23400   333000   200   40300   1800   0   0   44200   157500   0   0   0   0   100300   9900   7200   0   0   98500   0   0   3600   2300   200   535600   0   0   0   16100   1782300   0   18900   0   0   0   0   325300   600   0   84100   0   0   21200   0   12300   6200   0   0   133400   0   37200   0   0   0   0   144800   0   0   0   0   0   535600   0   0   55200   18900   0   0   300   0   0   0   296800   0   0   16900   0   115700   0   0   4600   1200   0   22100   0   0   0   0   0   0   540400   0   0   540400   
0   20300   0   0   0   103900   0   0   32900   0   0   0   1700   0   10000   10200   30900   0   27600   0   0   0   125300   0   0   23700   3300   5000   0   3300   14200   1700   400   0   0   2700   71200   0   0   0   332900   0   0   0   0   53500   0   0   0   18000   1700   0   588800   4800   0   200   0   0   9800   0   0   174700   0   1019200   0   0   0   3800   4400   0   0   37800   0   45300   0   0   0   0   88700   28100   0   0   79000   0   0   0   0   0   0   0   0   33800   0   0   0   600   207900   0   0   71800   40300   0   0   0   0   0   0   0   0   0   0   0   200   120900   0   0   0   0   0   5300   
0   0   0   559100   14300   0   0   0   0   0   0   900   0   2700   66500   1000   0   0   5200   0   200   0   0   0   0   0   0   0   10700   0   0   0   0   333000   0   100   71800   200   0   0   64600   0   0   21200   0   6300   10700   300   0   0   0   0   2500   0   191100   0   40300   15100   0   300   20300   13100   0   0   0   0   0   0   0   0   98800   25900   0   0   0   0   0   200   0   0   1300   102400   0   4600   0   0   0   7000   0   0   0   0   118000   0   0   0   0   41600   30600   800   0   0   0   56600   0   0   0   0   0   71200   700   0   0   0   200   0   0   0   0   0   
0   0   1200   0   498600   0   4800   45300   0   0   0   100   11000   0   0   4800   0   1500   0   0   0   5800   0   0   0   0   0   191100   0   200   200   0   6500   26200   0   0   509100   1344000   103900   0   2100   331900   0   0   0   0   0   0   0   559100   7000   0   10700   0   0   0   0   0   0   100   11100   0   0   0   0   703600   200   0   660400   0   0   28900   1249200   255300   0   0   900   21000   38400   99500   9900   106100   0   0   0   0   0   19900   0   0   0   0   0   0   13400   0   0   0   0   0   0   0   0   0   0   200   228200   0   0   0   26100   0   0   34800   29000   0   7100   0   16900   0   
0   189900   0   1000   0   540400   0   0   0   0   703600   0   0   0   800   145300   0   0   0   0   113700   1000   71200   200   0   16500   0   0   0   0   0   0   600   0   0   0   0   39300   0   0   0   0   0   83200   2900   0   22500   0   0   540400   0   0   0   0   993200   315700   0   0   0   0   0   13800   15100   28100   27700   100   0   0   0   0   0   0   0   0   0   0   0   0   0   0   0   0   0   25100   315700   0   0   60800   36100   0   0   0   0   0   42900   0   0   1000   0   23600   0   0   65600   4400   0   0   0   66000   0   0   0   0   0   98500   0   13200   0   0   0   0   
0   0   0   0   5700   0   149400   0   200   0   0   2100   0   0   0   0   0   280700   0   0   21800   2300   400   9600   0   0   0   0   0   57200   2600   0   0   0   2300   0   1500   0   0   15700   17400   600   9000   0   0   0   0   18300   0   0   0   563300   0   0   0   0   0   0   42500   145300   0   300   0   19900   0   17400   0   0   0   1700   0   0   0   18300   0   0   21000   0   0   0   1700   0   0   0   0   0   1782300   0   0   0   0   126400   0   0   0   0   0   4800   0   0   0   0   16800   0   39600   0   23600   19900   16800   126400   0   357800   21000   0   0   0   100   0   0   0   
53300   0   8600   0   0   0   0   60800   17800   27600   174900   0   0   0   0   0   0   1700   971100   98800   5700   0   0   7100   0   40400   0   54300   0   0   0   0   37800   0   0   0   0   818200   0   800   0   57500   584100   0   0   0   0   100   0   0   0   281300   0   0   0   16600   0   0   25400   0   0   0   15100   0   255100   0   0   9400   12300   0   0   0   0   0   1000   113700   600   0   0   23000   1200   7000   0   13200   0   100   53300   10600   0   700   0   0   0   145300   0   0   0   0   0   0   0   100   33800   0   100   0   0   6100   0   0   238100   0   703600   13200   10700   1700   0   25400   4800   0   
2900   31200   0   18600   0   0   1800   0   0   0   0   0   0   0   2700   0   7200   403100   168300   0   0   0   16300   0   0   0   0   0   100   0   0   0   0   0   0   0   0   0   15100   2659900   0   0   600   0   0   0   0   588800   0   0   0   3200   0   0   18700   74100   0   0   0   0   0   23400   113700   101300   45200   75700   0   0   0   1200   20900   900   0   4300   0   200   13700   0   0   0   0   0   0   45200   0   200   0   0   0   102500   25200   700   0   0   0   0   22100   77100   0   0   0   0   0   47500   74100   0   0   1300   0   0   0   0   18900   125700   0   160600   0   0   0   0   
0   0   107900   0   0   27400   6630500   72300   0   0   27700   100   394900   0   0   0   0   0   0   14600   0   0   0   1800   0   0   2400   0   0   31400   39900   98800   0   0   3300   0   249700   0   0   2659900   3800   0   0   0   0   13700   0   21100   0   17200   0   400   0   1200   553500   0   0   0   0   6630500   0   0   23600   102400   28100   0   66200   0   0   3800   0   1384500   0   0   0   0   600   0   0   0   0   0   0   4100   0   0   540400   0   0   0   30700   0   0   0   0   3800   0   33800   0   0   17000   0   22700   1300   1100   0   0   0   174700   0   0   700   20300   99500   0   0   2200   0   0   204800   
0   238100   0   0   0   29000   0   0   0   0   16400   0   1200   0   0   0   23600   0   0   6300   2300   0   3700   0   0   11700   100   109200   6100   14300   0   0   562700   0   0   0   0   500   0   0   0   67900   700   1500   200   0   0   0   36900   102500   3900   0   0   900   25200   0   29000   0   0   0   39000   0   0   0   85700   0   0   2134700   200   0   0   0   300   300   2300   53500   45200   0   0   48800   0   0   0   10100   0   509100   0   400   0   32800   4500   0   0   0   200   30700   160600   0   16500   22500   2200   0   0   0   0   0   1600   2300   100   2659900   0   0   22500   0   0   0   0   1900   200   2400   
0   0   0   81800   0   800   0   16900   0   0   0   0   0   0   0   0   800   56300   0   0   0   0   6900   0   0   5100   6500   0   0   0   0   0   3700   0   0   0   0   232900   0   5100   0   0   71800   0   6500   400   7500   0   0   0   0   0   0   0   0   0   0   0   277700   238100   0   0   125300   0   0   0   0   0   173200   0   0   1400   0   1000   100   0   0   0   600   0   5000   500   0   0   0   0   2600   0   0   0   15100   400   32200   11300   0   0   0   0   0   67700   149400   535600   0   0   0   1700   0   105600   0   100   0   0   0   0   0   0   0   25200   0   0   
0   1200   0   200   0   0   0   200   42000   0   22500   0   0   0   296800   0   0   29000   2600   0   0   0   0   0   0   0   16700   0   0   0   0   2400   0   0   0   0   0   0   40300   0   0   0   0   20900   0   15500   0   0   0   0   0   0   1500   0   0   0   32200   0   2300   0   800   1300   0   0   0   0   0   28100   0   7000   0   1700   0   3200   0   10000   0   0   0   0   0   0   0   2300   0   0   1000   0   8200   29000   0   0   2100   0   85700   0   800500   0   0   700   0   56300   0   0   0   1264000   5200   0   0   2700   36400   2600   0   0   18600   0   0   0   1800   2600   
0   98700   100200   0   17000   0   259600   9800   0   10000   0   700   0   89200   2134700   0   2134700   0   0   0   0   17200   113000   0   0   0   0   0   0   20500   0   200   0   0   315700   0   0   0   0   100   16900   114900   0   0   7000   0   20300   0   0   3300   1978900   0   69400   0   0   0   104200   0   0   2100   200   0   0   22100   48800   199200   0   0   0   0   200   0   2600   0   88700   200   403400   0   0   0   18300   0   0   0   0   0   84500   188400   0   0   0   0   0   44300   0   0   22700   13200   0   9500   0   1400   1000   39300   0   0   0   600   0   0   0   0   16200   0   0   0   1000   0   800   0   
0   0   100   0   38400   0   0   0   0   0   0   0   2659900   0   0   25200   0   0   0   4600   0   60800   36800   0   0   0   0   0   0   0   0   498600   9400   30900   6900   200   0   0   1384500   0   0   1800   509100   36100   556700   2700   2400   0   0   0   0   23500   0   0   0   0   37200   0   0   200   0   300   0   5100   0   1000   2900   993200   0   0   0   200600   0   0   300   29000   6100   12600   0   29100   0   7000   0   0   99600   0   3900   4300   60600   0   0   0   0   600   0   76400   35900   0   64100   0   19400   0   0   0   0   44400   0   100200   67900   0   0   98800   0   41600   0   0   14600   0   0   23800   
0   0   2800   0   0   0   400   3600   0   9800   0   0   0   700   0   108300   0   204800   16300   0   83200   0   0   0   232900   3100   0   0   0   2111600   0   0   2200   0   7000   0   0   22100   200   400   400   0   0   0   0   22500   0   0   316700   5300   3700   0   0   10000   113700   0   0   0   0   2500   11700   0   9100   0   0   6700   3600   25400   0   140000   0   0   0   79000   15500   30900   0   0   11300   0   122300   0   315700   0   0   0   0   0   0   0   800   13700   0   100   500   1100   0   5700   0   34400   0   0   42100   0   0   2100   500   6200   0   9400   114900   0   0   0   0   0   0   14900   0   0   
0   0   0   588800   0   1300   0   104200   3100   2800   0   0   0   40400   0   3800   0   21600   0   0   0   0   238100   100   26500   0   0   0   0   0   27600   0   0   0   100200   0   0   886900   1228000   0   0   53900   0   0   69400   0   16500   0   900   104300   100   0   0   0   0   0   89100   0   0   0   0   0   0   0   3301500   32200   0   0   2300   36400   0   2400   0   5000   0   99600   0   0   0   0   0   1200   0   600   0   0   0   23000   0   0   100   115700   9400   0   800   0   0   0   0   0   0   0   100   0   100   4300   17200   1800   0   0   71200   0   17000   0   0   2300   0   0   36900   0   
1200   0   0   0   0   0   0   381500   0   100   109400   0   113000   37100   0   0   15400   0   103900   0   0   0   1782300   0   100   14800   0   169300   0   0   0   1300   0   7200   0   0   0   200   0   0   325300   0   0   661700   11100   0   12600   0   0   0   0   0   0   661700   0   0   0   3800   0   0   0   100   0   0   0   12800   0   0   200   0   0   0   14300   3700   0   0   0   0   10600   0   0   800   0   0   2400   700   0   0   0   0   0   53300   0   225300   31200   1700   0   11800   0   0   9400   0   0   200   39300   18600   2900   0   0   52600   700   0   0   0   0   0   0   0   0   0   
0   0   6900   0   0   0   0   17400   0   85700   0   2200   0   0   137200   0   0   22500   0   200600   0   24900   0   0   0   0   0   0   400   27800   0   0   0   30600   0   7200   0   0   0   0   3800   2900   0   3700   106100   194200   0   0   540400   0   500   0   553500   0   0   0   5100   0   120900   0   0   2200   0   2177400   5000   0   0   10100   1000   0   0   0   0   39100   16900   12600   16100   37300   0   2134700   700   39300   0   0   100   0   0   0   1700   0   0   0   0   0   64100   0   333000   31400   0   700   57100   0   0   0   0   57600   0   28800   31200   207900   100   0   0   0   0   0   0   211500   52600   1000   
0   0   0   14100   38400   0   100   0   0   0   45300   0   48800   0   0   84500   0   0   60600   85700   0   2500   53300   0   1100   69400   0   0   700   0   1000   0   900   0   200   55200   0   1700   0   1000   0   0   21200   0   280700   498600   2300   0   0   18700   0   22100   0   0   224600   0   0   397600   0   0   0   0   0   0   79000   0   0   3200   6500   0   0   0   0   316700   25200   0   9400   0   7400   0   0   7000   0   0   2100   0   29300   23600   0   0   0   4100   196800   0   0   0   0   0   0   39300   0   0   818200   0   0   1300   0   0   0   16700   0   0   11800   0   259600   91200   18300   0   0   7600   
21800   0   0   0   0   7200   0   1000   0   2700   0   32800   1000   0   0   0   0   0   400   0   4800   0   0   0   0   5100   0   174700   0   0   2200   20900   0   0   7500   0   400   0   13100   0   0   0   0   27900   700   102500   0   0   0   0   0   0   0   21000   5200   500   0   0   0   0   5700   39300   0   0   800   0   600   802100   0   0   0   21400   0   23500   100   0   9400   0   0   0   300   31000   0   0   0   0   5800   0   0   71200   6900   34400   0   16000   1500   0   31200   0   15000   0   0   111800   0   101300   100300   0   0   81900   0   0   0   900   703600   0   16700   80200   21800   40000   0   14300   
71800   196800   0   38600   0   1800   0   0   0   0   0   0   14200   200   0   1700   0   0   5700   23000   0   0   900   1208300   0   0   11000   0   0   36300   16000   0   0   0   0   0   0   0   0   0   0   0   0   0   0   21000   0   0   0   30600   0   0   0   700   0   15500   0   94000   5100   1400   0   0   0   0   5500   0   0   16100   0   315700   0   0   4300   0   0   75700   280700   4900   0   29000   0   0   0   0   98700   0   9200   0   0   0   630700   0   16900   0   0   0   0   0   0   0   0   5800   0   0   0   0   0   1228000   0   5300   309800   0   0   0   0   0   0   10600   0   0   
0   0   0   0   0   0   0   0   0   21800   0   72300   0   0   0   0   200   11100   18800   0   20500   0   200   101300   99900   109200   0   637400   42100   0   0   0   0   325300   0   53900   0   0   3200   81800   0   0   0   0   0   0   0   0   0   9200   173200   0   0   0   0   0   1000   22700   0   0   0   23400   0   3600   32300   0   0   14300   0   3301500   200   548600   0   0   0   225300   0   0   18900   0   0   31000   0   0   14300   0   0   100   0   0   100   6300   15900   0   0   0   7000   0   1200   0   0   0   0   1700   200   1400   0   0   0   0   300   0   0   12400   800   0   200   0   0   0   
0   7000   0   0   0   0   0   0   0   0   0   0   0   108300   0   0   700   0   174700   381500   44300   0   500   0   0   0   0   0   0   0   0   0   29300   100   0   1000   2400   67700   0   79000   100   0   600   0   4900   0   40300   0   0   1300   100   3600   200   0   0   10200   72300   0   189900   0   0   0   2600   0   0   0   0   0   10900   0   0   18600   191100   55200   0   0   36800   300   0   75700   0   302100   0   0   0   0   0   0   553500   0   238600   94000   0   0   0   0   34400   0   0   0   4800   0   14300   45300   0   0   332900   0   0   39300   0   0   0   19900   0   0   0   21300   0   7200   
0   0   19900   0   600   18700   0   0   0   0   174700   0   36100   11300   0   31200   0   0   0   0   0   0   0   12300   75700   0   16500   0   0   0   22100   0   300   6100   3500   0   6300   0   0   0   0   535600   0   85700   21200   11700   0   0   0   0   83200   5800   0   14500   0   39900   0   0   800   0   556700   0   0   0   0   12500   0   3900   0   11900   76400   22500   100   0   0   169000   32300   0   0   25100   0   0   13500   9200   0   0   0   0   0   0   0   0   0   1000   0   315700   0   0   0   0   381500   300   0   0   0   0   0   39900   0   200   3700   637400   200   5300   0   109400   315700   16700   331900   0   
0   0   0   548600   0   0   0   56300   0   0   0   0   2400   21000   0   0   5000   0   0   0   7500   0   0   0   0   2400   10900   0   0   0   9500   0   40100   0   0   0   17000   0   1500   11300   0   1300   21400   52600   4800   0   0   0   107900   0   0   4200   1800   0   200   0   0   0   39300   16900   0   0   98700   224800   0   0   0   0   0   0   0   0   0   0   0   71200   105600   0   0   2111600   0   0   66000   0   0   99900   0   0   1000   18600   0   3700   600   0   0   0   0   35300   0   0   0   0   0   12400   40300   114500   33800   0   0   0   0   0   0   0   0   0   22700   11000   200   0   
0   0   20300   0   71800   5200   0   18600   0   29100   0   33800   1400   0   0   100   0   0   52600   0   0   0   300   0   0   5100   0   23700   0   0   0   0   1900   0   2300   0   0   0   0   0   0   5800   249700   0   0   0   0   0   0   0   0   0   302100   471100   0   0   0   0   7200   0   0   0   16100   0   100   42000   0   300   0   225300   0   0   0   0   48800   29300   23600   0   0   16000   2100   0   0   7100   300   0   0   0   0   0   14300   0   0   0   9800   1000   20000   0   403400   46700   0   0   403100   0   40300   2100   0   0   46100   0   900   9900   0   0   0   800   34800   0   0   1900   
6900   0   0   64600   0   0   500   0   0   0   0   500   9000   2659900   0   0   7000   1000   0   30700   18000   0   0   28100   0   0   0   0   207800   0   0   0   0   0   0   2300   0   0   0   85700   18700   0   74100   0   1100   49000   0   0   0   11300   11900   0   700   21100   169300   0   0   0   0   1100   0   1700   0   0   0   0   0   1000   17400   0   0   182800   0   8900   0   0   16900   0   23000   0   0   0   8400   0   0   0   0   0   1000   1700   0   0   0   4300   149400   0   200   0   174900   15900   22100   0   0   0   0   0   0   22100   255100   0   0   0   200   100   0   0   0   0   0   1700   
0   20900   0   0   0   0   0   0   0   27900   14100   0   700   1500   0   15900   2134700   500   0   0   0   0   0   89200   0   600   300   2600   1100   0   0   0   0   400   0   0   3500   0   0   5300   0   14900   0   0   2400   0   18300   0   0   0   0   13700   14500   277700   108300   6100   20300   0   0   100   0   0   3200   0   0   800   0   4900   0   0   0   0   14300   1400   0   0   0   0   21200   0   0   1200   400   18300   0   0   0   800   0   27600   0   0   0   0   71200   3300   0   0   0   0   0   0   0   0   44300   0   0   0   332600   9400   0   0   1300   66200   23100   0   2100   0   120900   800   
0   0   0   15400   0   0   0   0   0   0   0   7200   0   4900   0   0   6100   0   0   0   0   0   800   0   0   0   0   0   0   42500   7500   0   11700   0   0   0   0   0   28900   0   0   0   0   0   7600   26200   0   0   0   0   0   0   0   0   0   0   0   89100   0   0   400   3600   0   0   0   49000   0   0   0   0   0   3700   0   0   0   0   0   200   886900   0   0   0   0   0   11300   0   0   0   0   2400   0   0   14500   0   0   0   0   0   0   0   2400   7200   0   0   0   0   1700   0   0   4600   0   0   0   0   57500   64100   0   0   0   66000   
42000   0   2300   207900   0   33800   0   0   0   0   0   2200   0   400   0   200   0   9400   0   0   0   0   332900   23600   0   7400   0   29300   400   0   0   23800   0   0   0   400   0   0   0   0   0   0   120900   5200   6700   0   100   0   0   700   2600   0   0   0   223800   0   1700   300   0   1400   0   0   27600   0   4800   0   0   0   5000   0   0   0   100   300100   0   0   0   100   800   700   0   40400   0   0   0   1249200   22500   0   5300   10400   0   0   9400   19900   0   0   2900   0   88700   700   0   99900   0   900   300100   107900   45300   333000   0   0   0   0   0   0   0   331900   37100   0   182800   0   
0   0   45300   0   174700   500   0   2400   7400   0   23900   0   0   0   0   0   300   0   0   100   54300   83200   0   0   1900   0   6500   0   7000   0   174900   0   300   0   5600   0   0   700   0   0   0   109400   0   0   0   0   0   0   0   0   0   0   0   0   0   0   0   10000   0   0   35900   500   0   0   0   0   0   10700   300   0   259600   255100   0   100   0   0   0   84500   535600   7000   11800   15800   238100   41600   0   0   0   0   28800   0   553500   0   0   0   0   0   0   15900   0   0   0   0   394900   0   0   0   700   32800   1000   0   0   0   0   0   900   1900   0   149400   1000   0   
0   0   0   0   403100   1100   0   15100   20000   0   100   0   31200   0   6300   1800   0   114900   400   0   0   0   40300   0   1400   144800   0   700   0   0   0   100   0   0   0   0   0   0   19900   0   14900   0   5300   0   0   0   1000   39900   2800   0   0   0   0   584100   1300   0   0   200   0   0   0   23700   100   0   0   0   0   0   0   2200   0   0   0   0   0   15900   0   333000   103900   15000   74100   3500   0   0   0   2100   0   2300   0   0   37300   0   700   0   0   0   48800   0   34400   23600   0   3300   39900   0   0   0   0   53300   12400   0   0   100   3300   0   0   0   1700   0   0   0   
0   2200   98800   200   0   0   818200   0   0   0   0   7200   31200   0   0   0   1782300   0   0   102400   0   0   0   0   0   0   13700   0   0   0   300   0   0   0   0   0   0   0   69200   36800   400   0   0   1000   700   40400   0   0   65100   0   0   0   0   0   15100   20000   5000   0   300   100   0   6900   0   0   25900   1700   0   0   23700   0   0   0   0   500   42000   0   26500   0   0   32600   0   2400   53500   18600   5700   0   2700   0   0   0   30700   2659900   27100   0   2400   0   0   0   26500   600   0   0   0   0   0   2600   0   189900   0   0   0   0   0   0   0   800   204800   0   0   5100   
0   84500   0   0   0   40300   0   0   0   0   0   0   0   0   0   0   0   0   0   53900   0   100   254100   0   106100   0   0   2200   0   0   0   0   0   2700   17000   0   0   18800   0   0   0   0   0   0   81800   10000   0   0   11300   0   3301500   0   0   700   0   0   0   0   0   800   0   0   88700   1500   0   0   0   0   0   232900   316300   0   0   0   0   27900   500   0   0   40100   8200   16200   0   28100   0   22100   0   588800   98700   0   0   0   0   7200   0   16900   0   0   0   17400   0   9800   104300   0   0   11000   0   800   0   0   0   0   2600   0   0   0   0   700   13800   0   
18300   0   0   1800   0   661700   0   99600   65100   0   0   0   0   0   0   125700   0   0   300   0   300   39600   0   29300   0   400   0   0   200   100300   5500   0   1978900   0   0   0   700   550700   0   0   30700   0   11700   115700   109400   0   0   0   6200   0   5500   3301500   0   80200   0   102500   3600   100   0   0   168300   316300   42000   102400   2400   13100   29100   0   64600   2100   300   0   0   0   0   0   0   0   0   0   0   200   0   10000   300   400   100   0   0   207900   0   104300   182800   23900   0   109200   0   0   0   1249200   0   0   0   27400   0   0   300   200   0   122300   1000   115700   2900   3700   76400   0   0   0   1000   104200   
0   0   4800   0   0   0   0   0   0   0   300   60600   2500   0   0   0   0   0   0   0   316300   36100   16300   0   0   32300   26200   7200   0   5800   0   971100   0   0   0   0   0   27800   0   700   0   100   0   0   0   381500   0   0   0   0   0   0   0   0   500   8900   0   0   0   0   0   56600   0   0   0   0   88700   88700   75700   9200   0   400   0   100   0   0   84100   6300   3700   12500   18900   65600   52600   0   0   0   1800   23800   0   1000   16600   637400   25100   0   0   0   4100   64600   0   30600   900   0   0   0   0   232900   0   23600   0   0   0   0   600   21100   0   13800   0   105600   0   40100   
100   0   2300   0   168300   84100   0   34400   0   0   800   0   0   0   11000   0   0   44200   0   0   0   0   0   94000   111800   0   188400   0   0   0   76400   15400   0   0   309800   23800   0   200   0   0   45300   0   66000   0   0   0   1000   0   0   0   5200   800   0   64100   84100   0   0   14100   44300   39300   0   0   0   0   0   0   0   10700   0   16100   0   0   0   0   25900   0   0   0   100   0   0   0   0   0   300   0   0   28900   0   400   0   0   400   0   0   900   0   0   6100   0   1700   53500   993200   88700   0   17200   28800   0   0   0   0   0   0   0   0   800   0   0   0   0   
255100   0   83200   2111600   800   0   0   4800   0   0   400   0   0   100   0   0   0   9500   12300   0   0   0   100   0   1249200   0   0   24600   0   0   0   0   0   1200   400   300   0   21200   0   0   16100   40000   0   37800   0   0   0   0   0   0   4900   0   0   400   1500   0   46700   91200   0   0   500   0   0   0   0   0   0   0   0   0   0   0   138400   0   0   0   0   200   0   0   0   0   0   0   0   5200   0   0   0   0   0   11300   0   16100   21800   0   0   0   0   0   30600   115700   0   3800   5700   16200   0   27600   0   0   0   0   0   0   0   0   0   0   0   0   
11000   1000   397600   0   0   0   200600   400   0   0   1300   0   0   0   0   0   1000   114900   31200   169000   0   3700   6200   0   0   74100   0   60800   0   0   200   39000   0   0   16700   72000   0   500   0   800   1000   37200   0   0   703600   0   0   357800   0   0   1000   0   200   0   0   0   0   0   0   11900   3301500   0   0   0   0   0   0   16500   72300   0   0   0   0   0   0   7400   0   0   0   49000   0   0   89200   0   0   0   1983000   81900   0   0   3700   0   32800   0   0   0   0   0   0   0   40400   0   0   42900   18800   0   0   0   0   0   0   0   21100   0   8600   400   1100   66200   0   0   
0   0   400   300   125300   2400   200   0   0   0   0   0   0   4100   36300   0   160600   0   96200   126400   53900   100   113700   102400   0   0   0   0   0   0   16000   0   107900   0   2700   42000   0   0   400   0   0   0   102500   600   0   137200   0   7600   0   0   0   2700   3200   1983000   0   471100   71200   26100   0   1500   0   0   0   13400   0   2300   0   9900   400   400   0   113000   0   0   0   0   0   0   16900   94000   0   700   169000   0   500   25900   9800   11000   0   0   199200   0   23700   0   600   0   0   22500   0   145300   0   0   971100   0   0   0   0   5600   0   0   1344000   0   9800   0   0   7400   1019200   0   0   0   
15400   0   0   0   6500   23700   0   3600   66000   0   0   0   700   1100   0   0   15400   0   0   0   0   0   0   0   0   7000   1900   0   0   0   0   8200   0   16900   0   66000   0   1400   3100   2134700   0   0   0   0   14100   0   1500   57200   23100   0   18600   0   104200   2600   0   100   0   11300   0   0   0   2500   0   63100   0   0   0   0   0   0   44200   0   22100   0   0   104300   10000   2200   0   0   0   0   600   0   101300   0   900   0   9400   0   0   0   332600   0   15500   0   0   0   0   0   0   0   0   0   83200   0   0   1616600   0   9800   16000   60800   0   0   100   1000   12300   3200   6700   7600   
0   0   0   0   40300   0   200   1616600   9800   100300   0   0   0   0   0   0   100   1900   40400   32800   0   394900   0   400   0   300   0   0   34400   25900   16700   300   0   0   75700   4500   0   0   200   0   0   0   700   10100   5200   200   0   111800   0   0   0   0   0   0   0   56600   0   0   400   0   0   0   0   2200   52800   0   0   5700   0   0   0   0   81900   0   0   3500   0   200   2600   0   0   0   0   0   0   0   10000   44400   0   0   8600   45300   584100   80200   114500   0   2900   0   0   249700   145300   39900   0   0   0   0   1000   200   7200   0   0   0   0   0   28800   0   325300   0   12800   0   
0   0   0   0   0   400   0   0   56600   17000   0   83200   300   0   0   0   19900   0   0   0   0   0   0   100   0   0   0   31200   0   40100   0   0   0   2700   0   100   0   802100   100   0   79000   0   12500   0   12300   200600   1000   0   540400   0   0   100200   0   84500   0   0   0   0   169300   0   0   0   17800   0   0   0   0   0   0   27900   0   9000   300   0   0   0   0   0   11800   0   0   0   0   20000   0   1019200   0   0   100   0   0   9200   12600   94000   34800   0   200   31000   896000   0   0   2400   0   0   0   0   0   0   5900   0   2200   60600   0   357800   0   3600   0   0   800   1100   
199200   277700   0   0   0   0   0   0   12600   0   42100   0   0   74100   0   0   0   0   0   0   0   255300   0   0   224800   0   0   315700   0   0   19400   0   498600   0   0   900   0   0   47700   0   0   1700   0   0   0   0   0   0   0   0   0   0   0   1400   200   0   0   1100   540400   1300   0   0   0   25200   56300   0   800   0   200   0   0   99900   0   200   7400   48800   0   100   0   0   0   26500   3200   0   0   0   302100   9400   0   0   0   0   0   1400   0   0   0   0   0   0   0   0   0   0   0   0   16100   0   0   16500   17000   300   0   0   0   0   0   0   0   0   
0   100   0   0   0   20500   800   0   0   0   4500   224600   0   69400   0   0   58500   3800   0   0   0   0   224800   0   196800   0   0   0   0   1600   144800   0   102500   1983000   200   3300   0   64100   100   400   500   0   0   99600   0   0   10100   0   191100   0   13700   0   0   0   20900   0   0   0   0   79000   27900   0   600   0   0   52600   0   0   0   0   0   255100   300   0   11300   0   2700   0   0   200   0   0   1300   0   0   2177400   45200   0   0   4800   249700   0   0   0   0   1700   200   0   0   0   0   18000   0   0   0   113700   35900   0   18600   281300   0   200   0   0   971100   0   37200   0   2111600   0   
0   23400   0   196800   27900   18600   0   0   0   0   0   0   145300   0   0   76400   109200   0   0   15100   3600   0   0   10900   0   400   0   0   0   8400   0   0   196800   0   0   0   0   0   118000   0   0   548600   500   11800   800   700   0   0   0   66500   0   500   0   0   0   22700   20300   0   18700   1800   0   9900   0   0   0   10000   0   0   2400   5700   0   1900   0   0   509100   0   0   0   400   0   0   0   0   100300   52900   0   700   600   0   0   0   15500   400   14200   0   563300   4500   0   5700   0   39300   0   15500   0   24600   0   0   0   1100   0   0   0   0   0   44300   0   0   3800   53900   0   
0   191100   509100   0   0   0   14500   0   584100   9100   22100   0   0   548600   0   0   2100   16800   0   5300   0   2700   600   0   700   0   0   0   0   800500   104200   0   0   600   0   15900   30700   567600   0   13700   0   0   0   16000   4300   0   100   0   500   2700   0   0   0   228200   0   29000   0   0   3800   26100   99500   27900   2200   0   0   5800   0   1700   0   16600   900   0   0   10700   44200   0   0   1264000   0   32900   0   0   0   48100   0   5100   18600   39300   0   5500   98800   0   900   0   0   0   0   0   0   0   0   0   5500   0   0   0   0   0   200   0   0   0   46700   556700   41600   0   140000   0   0   0   
0   0   0   0   0   300   280700   1700   18800   21000   3700   0   0   0   0   0   0   54300   0   200   0   5000   15400   0   0   3600   2700   21100   0   0   0   0   0   0   7000   0   0   0   7200   0   200   1000   28900   0   0   0   0   0   0   0   0   0   0   0   0   0   26100   102500   498600   900   0   39900   5100   0   31200   0   0   0   1400   23400   0   0   174700   0   0   18600   500   12400   126400   0   211400   0   2900   0   0   104300   0   48800   0   0   27600   9800   9400   32600   0   0   22500   7200   27100   0   114700   2800   300100   211500   0   500   63100   0   0   0   0   0   4900   800   0   32600   0   19400   300   260700   
0   0   0   0   42500   2177400   0   0   2700   18600   16800   1000   0   1400   300   600   0   0   0   23400   0   16900   7000   0   0   0   15500   5000   0   0   0   0   0   0   0   403400   0   0   23500   0   0   200600   102500   99900   0   0   0   0   0   0   16000   0   6100   0   0   0   567600   0   35300   0   0   0   33800   228200   1000   0   580500   300   0   818200   3700   0   0   259600   300   7200   0   0   0   0   100   0   550700   0   588800   400   0   0   6500   5700   0   0   0   66000   0   0   0   0   0   0   300   2500   0   1384500   0   1200   94000   0   0   23400   0   100   0   509100   7000   0   0   0   0   2100   
66200   0   700   200   0   0   0   0   0   200   0   553500   548600   0   27400   0   2700   16400   1264000   10000   0   232900   0   0   6500   53900   0   4100   211500   0   101300   9900   0   1700   0   403100   57200   48800   0   18300   0   0   0   0   0   0   1700   0   23700   0   67700   0   0   0   0   0   0   0   39900   0   1019200   0   800500   223800   0   0   0   0   0   0   1400   800   0   3800   16200   65100   207800   0   1800   19900   0   0   9400   0   0   114500   0   22500   12800   0   0   0   0   0   1000   0   0   10400   4400   0   100   0   0   100   228200   0   500   17200   0   9600   0   0   0   0   0   0   0   0   0   0   
0   0   16900   1249200   3800   0   0   0   224800   0   211400   0   0   22500   0   0   42200   7500   0   0   0   0   0   0   1000   0   2300   0   332600   0   0   357800   29000   0   0   0   0   2200   0   0   71200   0   0   0   100200   2400   0   16000   6500   2200   10000   24600   35300   9400   0   0   0   0   0   296800   0   535600   0   3500   108300   100   21800   224600   0   0   0   0   0   802100   0   98700   126400   0   0   550700   23700   309800   0   0   30700   0   0   39900   0   15400   0   1978900   3900   20900   296800   0   1208300   0   3700   89200   1978900   0   584100   20300   0   0   0   5000   238600   3300   0   37100   0   0   0   0   0   39300   0   3300   
0   0   0   2200   0   0   0   7200   29100   0   7600   0   0   0   0   397600   0   10000   0   37200   23700   0   0   0   331900   0   600   0   1300   394900   11100   100   0   17200   29100   0   0   0   0   0   0   0   98700   0   80200   0   0   19400   0   1100   10600   0   3200   1000   0   18600   0   0   0   800   100   0   0   39300   0   249700   0   0   0   0   0   0   0   6500   300   0   81800   65600   0   0   2800   0   9800   0   16200   0   48800   0   45200   0   0   4300   0   0   0   0   52900   500   0   0   403100   0   0   0   81800   0   0   0   0   0   26100   2500   0   45300   9500   0   0   0   637400   0   
0   6500   0   0   40100   200   800   0   0   15400   44200   0   0   2900   0   2500   11000   0   0   0   20900   0   4800   0   0   0   0   0   0   0   0   1616600   0   26100   0   1400   0   36300   1700   15000   1500   0   0   0   0   0   211400   0   33800   394900   0   0   0   0   0   0   0   0   0   0   0   0   2600   1800   0   0   600   0   0   0   37200   260700   0   900   0   0   0   0   0   0   0   0   397600   100   100300   0   0   0   1900   0   0   0   0   4800   16600   29300   0   125700   0   36100   0   0   3700   41600   0   15000   122300   0   0   0   600   1100   0   0   9800   0   4800   0   5700   0   
0   0   23800   0   59700   0   21600   1300   0   0   0   0   0   0   45300   40300   24600   0   0   0   0   200   0   115700   18800   0   0   0   0   0   0   0   0   0   0   14200   0   2400   149400   0   0   0   0   0   0   0   23800   0   0   0   46700   309800   36300   2700   0   0   3300   0   0   59700   0   0   0   11000   57400   896000   0   0   0   0   0   4800   600   0   0   80200   800   0   300   0   0   0   0   2600   28800   1600   993200   22100   22500   200   2700   0   1782300   800   81800   0   0   0   1800   0   3900   0   0   0   0   700   0   0   200   0   2300   17000   0   0   0   0   0   300   0   0   
0   600   0   0   3300   88700   0   0   0   45200   0   900   0   115700   89200   0   0   0   5800   0   0   20300   0   0   0   0   0   6300   0   3100   0   12500   0   44200   0   0   0   0   0   57600   15800   1000   0   0   0   0   0   238600   0   0   22500   7000   0   548600   1000   9900   0   281300   1400   0   225300   99500   0   1700   37100   0   0   0   0   0   0   18600   17400   16600   0   0   0   0   0   0   0   0   0   100   800   200   0   138400   0   296800   0   0   0   259600   0   0   0   10000   0   0   0   0   0   1200   800   114900   0   0   20900   67700   0   0   0   9400   0   0   0   0   0   0   
0   0   10000   0   600   0   0   0   0   0   64100   15100   0   403400   56600   700   993200   0   1400   2100   0   0   9100   0   0   0   0   0   300   0   0   200   11700   1400   100200   0   0   188400   0   0   26100   0   0   0   0   315700   0   50700   0   200   0   0   100   0   0   0   173200   0   700   0   0   46700   42100   0   0   0   0   2700   200   200   0   0   0   0   15900   0   0   144800   0   0   53500   99900   0   0   0   0   14500   0   0   4600   1344000   21200   69200   0   7100   0   0   0   12400   0   10000   896000   6500   300   0   0   0   660400   1900   0   5900   0   0   0   0   0   29100   138400   0   0   
0   11800   3900   332900   16900   16900   31200   15000   2134700   74100   0   0   7200   0   0   0   0   0   2300   0   0   0   100   23700   0   100   0   69400   160600   4200   0   100   0   277700   1800   36800   100   0   0   0   0   0   800   400   0   200   0   0   0   1500   0   0   0   22700   0   36800   357800   6900   0   0   0   0   9600   200   0   0   196800   30700   0   0   0   0   0   0   228200   0   0   0   0   0   0   1228000   0   3700   0   32600   0   0   0   0   0   2134700   0   0   0   4900   700   1208300   0   31400   16800   200   0   26100   200   0   1500   9400   9400   7000   24900   0   280700   0   0   0   0   600   0   14900   
0   0   0   2800   4800   40300   1800   4400   30700   1900   11800   36100   0   0   0   0   2600   114700   15100   333000   0   0   600   0   0   1000   17000   0   10600   5800   0   0   0   0   0   0   1000   0   100   10000   100   33800   12300   0   72000   0   0   0   0   0   0   0   111800   0   0   200   0   0   0   14900   5700   32200   0   0   0   100   0   0   0   9100   0   0   0   700   0   0   0   204800   9200   39900   2500   0   0   9400   0   81800   0   0   4900   67900   900   1978900   16000   14800   0   0   0   0   1249200   0   18900   0   2900   0   0   0   0   0   0   400   0   0   0   0   660400   0   0   56600   38400   0   
0   40000   0   0   0   0   0   0   89200   0   0   18000   0   255100   15700   28900   0   1000   57600   0   1000   20500   0   0   0   22500   0   0   84500   0   0   1000   0   0   0   0   3600   53900   27800   0   0   0   0   0   25100   0   0   0   100   0   20300   77100   0   24600   13700   0   32600   15400   9400   0   0   0   63100   0   0   0   0   0   20900   0   0   0   0   0   0   300   126400   0   23100   0   0   259600   0   0   133400   1228000   4500   0   2800   0   44400   0   300   34400   0   0   1300   0   9600   0   0   18800   0   0   20000   0   0   0   0   0   16600   0   0   2600   0   0   0   15800   15100   41600   
0   39300   2111600   4100   0   0   0   0   0   3600   0   0   0   0   0   0   0   0   0   0   0   9500   9200   100   5300   34800   600   0   1100   0   0   0   4000   0   0   21100   6500   0   29300   174700   101300   500   0   0   57400   802100   0   0   32900   0   3800   69400   0   0   0   60800   33800   0   0   9900   99500   0   0   44300   0   397600   0   0   0   0   1400   20300   0   0   0   637400   12800   14100   113700   0   0   0   660400   8200   2600   0   23400   0   0   0   0   0   113000   0   0   7000   21100   0   0   0   0   0   0   600   0   0   300   0   0   0   0   0   200600   0   16900   106100   0   16000   100   15200   
0   26200   13100   0   500   0   33800   0   57200   100   0   5700   0   55200   4300   47700   0   40300   0   6200   0   100   1500   211400   0   0   0   0   0   0   0   14300   194200   42000   0   0   17200   36400   1300   0   6500   0   14800   0   44300   200   800500   0   169000   0   0   0   0   71800   14800   800500   0   1782300   49000   0   7000   0   3800   28100   0   0   818200   34800   0   0   0   0   0   32300   0   100   2700   100   100   39000   0   0   0   9400   0   600   0   0   0   0   0   0   23400   200   0   0   900   0   0   0   0   0   0   700   0   0   0   14500   0   0   0   0   600   0   600   0   3300   0   0   0   
0   0   0   0   600   0   0   0   0   0   0   1300   100   0   0   0   0   207900   0   316300   2100   0   5100   0   0   0   0   0   0   0   0   0   0   35300   1000   3301500   0   0   2600   0   0   0   0   15900   0   100   0   0   1300   0   0   400   0   0   20000   0   11000   1000   0   0   700   0   111800   0   0   37100   0   0   5800   1700   20300   0   0   0   0   52800   0   0   0   0   0   0   0   0   0   0   0   0   29000   140000   0   2800   0   0   0   0   79000   0   0   0   0   0   0   2500   300   168300   0   0   100   100   971100   0   800500   3300   637400   900   1100   280700   17200   39300   
0   0   0   0   157500   0   0   0   0   0   300   1400   0   0   661700   100300   0   6100   45300   0   403400   0   52600   102500   1100   88700   0   7000   700   0   316700   0   300   94000   22100   74100   7100   0   0   1700   0   10600   0   0   0   0   9500   0   0   0   600   0   0   0   0   1019200   0   0   39000   0   0   0   0   0   0   0   0   0   39000   0   0   1782300   0   0   0   0   0   0   23600   7000   37300   18600   0   100   0   0   0   0   4300   0   0   0   67700   0   48100   0   0   0   1000   0   800   0   400   0   6100   34800   0   0   126400   10700   38600   559100   0   17800   200   37800   0   5800   2200   0   
104200   0   14900   27800   600   2034400   0   15400   0   0   0   0   174700   1384500   0   115700   1500   0   1100   30600   0   0   3400   20000   45300   3700   0   16700   37200   0   0   0   16100   0   0   0   0   28800   0   0   99600   0   100   0   55200   0   1800   0   57500   556700   0   0   0   45200   34800   0   553500   0   1100   300   0   0   11700   0   2700   0   2111600   5700   0   56300   0   0   0   23400   0   0   28100   0   0   0   0   0   6700   0   0   0   249700   0   0   0   0   4800   20300   0   0   39100   0   0   0   7200   0   31200   0   0   18600   0   0   0   0   0   0   0   200   0   0   0   5600   0   28800   316700   
249700   0   0   0   0   200   67900   0   100200   300   0   0   0   77100   0   0   0   0   0   0   1200   2600   700   2200   0   21200   800   0   2100   0   0   0   18300   584100   0   0   0   0   0   0   0   0   39000   0   381500   100   0   0   800500   0   104300   0   0   22500   0   0   0   0   2034400   0   2200   7000   800   0   0   0   2600   0   0   0   8900   0   0   0   0   0   0   700   0   200   0   0   1000   0   0   900   0   14200   540400   0   2800   0   0   169300   0   0   0   36800   0   0   4200   0   0   0   0   113000   0   223800   0   332900   59700   0   2800   0   0   0   0   0   0   0   
0   0   1200   57600   52900   0   13100   44400   31400   4300   0   357800   0   0   0   0   0   3200   0   0   0   0   0   0   11700   0   0   0   0   0   0   300   0   971100   400   4800   0   0   120900   0   4900   0   14600   0   0   0   0   0   0   1200   0   72000   0   0   11000   0   0   13700   23800   0   238600   0   24600   0   0   15900   0   5600   3200   145300   0   72300   0   0   100   34800   0   9200   562700   9200   700   0   0   0   0   2900   394900   4300   0   10000   0   1978900   0   3700   0   0   0   300   0   0   0   15500   0   0   0   0   109400   160600   0   75700   0   0   0   4200   40400   0   0   0   0   39300   
6700   0   0   2111600   21100   0   0   27800   0   0   0   0   0   21800   89200   10900   0   0   0   13700   0   0   0   0   0   0   703600   0   0   207800   0   0   0   0   300   0   0   0   0   48800   0   0   1100   0   0   0   0   0   0   700   6200   0   0   400   993200   0   0   0   0   400   0   0   174700   7000   67900   0   0   0   0   4800   500   0   0   0   0   0   0   0   67700   13500   1616600   0   0   0   76400   0   0   0   0   0   0   0   12800   0   381500   2900   0   0   403100   12500   100   315700   2100   88700   0   23100   66000   0   84500   0   1000   0   0   11100   0   0   0   0   0   0   
0   0   0   0   71200   0   0   0   0   40300   16600   2400   0   0   0   255300   0   33800   0   0   96200   0   0   14800   0   100   3600   20900   1100   0   2111600   200   7000   0   11300   12300   0   18300   20900   0   0   35300   0   0   20100   9400   0   0   0   0   0   0   0   102400   0   0   9400   0   0   0   0   0   0   0   0   10700   15900   300   0   200   3400   0   0   0   0   16600   0   0   0   0   0   0   0   14200   0   79000   0   0   0   0   6500   0   2177400   0   0   5300   0   0   255100   0   46100   2600   400   0   500   0   0   0   0   200   0   498600   16800   0   55200   1900   0   700   0   100   
0   0   100   45300   14900   0   0   0   25100   200   0   0   0   13500   0   6200   0   5200   500   0   0   0   0   0   0   0   559100   4900   0   0   0   14300   403100   0   0   0   0   0   0   16900   0   0   0   0   0   3100   0   15200   0   5600   0   0   0   0   17200   0   6500   0   160600   0   0   32900   1000   50700   0   238100   29000   0   0   800   0   0   0   0   0   0   9500   23700   394900   0   0   559100   0   0   2100   52600   0   0   2900   0   0   21800   0   3300   0   0   0   0   0   12800   2700   25200   3600   0   0   11700   3301500   0   700   0   39000   0   6100   98800   189900   0   30600   85700   9800   5800   
0   0   0   23400   0   174700   0   107900   0   0   0   0   0   2700   0   0   0   25100   0   114700   20300   0   224800   0   0   16300   700   0   0   0   32300   10000   0   100300   16800   0   0   0   0   0   0   0   0   0   9500   0   200   0   0   23600   0   200   0   0   0   200   0   18600   1900   630700   22500   0   0   0   32600   0   0   0   0   0   0   0   0   15500   0   0   0   0   2900   15400   0   0   0   0   0   0   0   0   0   11100   31200   0   0   45300   44400   0   0   0   0   0   5000   1000   0   22500   0   0   3300   0   98800   0   0   0   81800   0   0   21100   0   0   36800   0   
0   0   0   0   0   2400   0   44200   2700   0   1700   10100   600   0   0   0   104200   316300   0   0   3300   0   0   27600   0   0   0   0   630700   0   2600   0   0   0   0   0   0   0   200   0   0   0   0   0   0   34800   0   0   6300   0   3600   0   471100   0   0   0   2600   0   20900   0   0   18900   102500   10000   100   2034400   0   0   0   5200   1400   0   0   21400   0   0   0   104300   0   0   498600   0   84100   39300   103900   0   2400   18800   0   79000   0   0   0   149400   0   0   5700   1700   0   100300   0   22700   0   0   169300   0   0   1900   0   26500   0   0   0   0   0   15100   0   0   1800   0   
0   40100   36100   0   0   38400   0   29000   0   6900   0   118000   3100   100   0   200   0   0   0   10000   100200   100   0   0   40400   500   19900   0   0   0   199200   4300   100   0   65100   84100   0   0   0   800500   37200   0   0   0   0   0   0   0   0   400   140000   168300   0   120900   0   0   6500   0   72300   63100   20000   7100   1384500   0   11900   0   11900   0   0   0   0   0   0   0   0   0   0   0   0   18600   21100   12300   77100   0   0   30900   31400   52900   2700   0   3700   0   0   1100   0   100   300   0   0   44400   3500   0   0   0   3800   0   200   0   59700   200   9500   0   111800   0   0   207900   0   0   0   189900   
0   0   108300   0   0   0   22100   0   0   800   0   101300   60600   200   31200   0   0   0   0   0   0   0   0   0   0   0   7000   0   0   0   0   42900   0   0   630700   0   0   85700   0   0   7600   0   0   296800   0   0   2034400   2600   40100   0   0   0   6500   0   0   0   20100   0   0   249700   67900   0   0   0   0   0   1100   0   204800   1300   0   0   23400   4000   0   32300   0   0   6200   228200   13200   0   200   0   200   18300   0   0   0   0   0   0   0   0   0   0   400   100   0   114700   0   0   14300   100   0   0   0   16900   0   1500   0   0   20300   0   0   0   0   0   0   260700   
0   21600   0   9600   36800   0   0   0   0   4500   42500   49000   3100   0   2200   3200   1700   0   0   0   37800   0   2900   109400   0   13700   0   0   16100   0   20300   9600   1500   39300   0   0   0   0   1782300   10200   105600   0   277700   30600   8900   50700   0   0   0   0   548600   500   0   38400   0   5100   0   300   0   88700   0   661700   0   0   0   0   0   0   0   0   0   74100   0   0   0   5600   0   0   0   0   0   0   0   0   10000   0   14800   0   1500   99900   21400   2500   15200   21400   1000   0   2111600   5700   0   0   49000   0   0   0   200   0   0   0   9100   0   32800   46100   0   1000   0   42000   64600   14200   0   886900   
0   0   0   0   32600   0   6100   0   0   0   0   0   21300   21000   4100   0   126400   189900   0   0   0   0   0   22500   0   40100   0   0   0   17200   0   0   0   0   0   1208300   57200   0   0   0   2200   0   0   0   0   0   0   0   0   630700   0   169000   100   21600   0   0   0   0   0   0   0   0   200   0   0   0   0   0   0   300   173200   1000   400   104300   0   0   0   0   0   0   0   0   16100   0   0   0   0   200   0   0   0   0   0   109200   10700   55200   0   0   1900   84500   1019200   0   0   0   11100   39300   0   300   0   0   0   0   0   0   0   600   0   200   0   17400   
18600   4600   40300   0   397600   0   2800   100   0   0   0   0   0   0   0   0   0   0   0   0   0   0   0   0   0   0   0   200   5800   1000   0   700   0   17200   0   0   0   0   0   3200   6900   0   0   800   0   0   3700   0   332900   0   0   0   0   0   100   0   0   0   0   2300   600   0   0   0   0   0   0   0   207900   6300   111800   169000   0   0   8400   0   0   0   0   0   0   1500   0   0   300   2900   4600   0   0   200   99900   0   0   0   4300   0   0   25200   0   0   53900   0   0   15100   0   6500   0   0   25900   0   0   500   800   0   0   0   0   11000   0   200   
0   0   0   20300   0   0   0   0   0   16100   0   0   0   0   0   0   0   42200   0   0   0   6900   0   169000   535600   27600   0   0   2659900   0   3400   0   0   0   0   224600   23400   0   8600   23600   0   0   0   39900   0   5000   0   0   18600   0   0   0   0   200   0   0   3300   0   800   498600   0   0   500   45200   0   0   400   34400   200   0   0   11000   0   200   0   0   0   200   100   0   9600   0   0   0   0   0   0   0   1100   30900   0   0   0   0   0   0   0   137200   0   100   0   14900   46100   0   0   0   2900   53500   0   0   0   200   0   0   0   0   1616600   0   0   0   
0   0   7200   3700   0   17200   309800   0   0   0   0   0   2900   0   0   0   207900   1400   77100   0   0   0   0   0   5700   0   0   0   0   0   0   100   0   0   0   57500   0   2300   0   30600   0   9600   0   16700   0   1400   0   0   0   0   0   0   0   0   0   72300   0   0   0   0   0   1900   0   0   0   1500   0   0   0   0   0   0   0   0   0   0   0   0   0   0   0   0   0   5700   1100   83200   0   11000   900   0   0   0   0   0   5200   0   14200   0   40000   0   4900   563300   0   0   28900   0   2300   0   0   0   19400   0   0   0   661700   0   20300   14500   0   0   
0   35300   296800   0   0   0   44200   11800   21100   37800   0   0   0   64100   12600   800   0   100   40300   0   0   0   0   0   21600   0   23700   0   52600   300   12600   0   32200   29000   0   0   0   0   0   0   0   23400   0   0   20500   0   280700   0   4300   7000   0   0   69200   0   173200   0   1000   3700   0   0   0   0   200   0   0   0   3600   0   0   16900   0   27600   700   0   66500   0   0   0   100   0   20900   0   0   0   5200   0   14800   300   0   4300   0   3200   0   1000   0   0   115700   0   188400   0   0   24600   0   0   0   32600   0   0   0   0   0   700   23400   0   800   300   200   0   0   1300   
0   5100   0   553500   7000   200   0   0   0   0   157500   14600   2500   23000   0   0   0   0   0   0   0   16000   0   0   57400   0   0   0   88700   0   0   0   0   0   0   23500   0   104200   0   0   100   0   27900   0   67700   0   0   0   1228000   0   2700   0   332900   0   0   24600   0   0   0   0   120900   0   13700   238600   800   0   0   174900   700   0   200   0   0   168300   0   4100   0   0   0   0   0   63100   0   49000   0   0   0   200   23600   0   0   200   0   0   0   4800   38400   0   700   0   0   63100   0   0   77100   0   0   102400   2300   0   0   800   21000   0   0   10900   0   0   0   0   
114900   0   100   280700   8200   0   5600   88700   0   0   0   15100   14900   0   3800   900   9100   6100   100   1400   31400   0   0   0   0   0   0   0   0   800   0   0   800   200   0   0   0   0   32900   30600   15500   0   0   0   0   0   0   0   0   800   800   2400   0   114900   42000   0   0   0   0   0   0   0   0   300   16000   300   0   23000   0   238600   0   0   0   0   0   0   0   20000   41600   0   0   1800   600   0   0   0   0   0   400   0   0   106100   0   0   15400   100   9800   0   0   115700   20000   0   0   0   0   122300   900   15400   0   0   0   0   15900   0   254100   0   0   0   800   100   
0   0   200   0   0   0   0   5900   0   0   14500   0   0   0   15900   0   0   0   0   0   0   0   0   0   0   9400   37800   0   1100   0   0   0   0   0   5800   0   199200   0   0   188400   23400   0   0   0   0   0   0   0   0   0   0   0   0   14100   0   149400   0   29300   11900   0   16700   0   0   0   0   0   700   1000   0   22700   0   5500   660400   0   0   0   12300   0   0   0   98700   0   0   71200   0   0   0   300   0   0   9000   0   4800   316700   0   0   0   0   0   0   33800   14500   0   0   1228000   0   40100   0   0   0   21000   0   0   0   0   0   0   0   1500   200   
800   6300   0   0   0   0   0   0   0   144800   0   9200   0   0   0   0   0   0   0   400   0   0   0   0   11300   0   0   900   0   0   122300   2700   0   700   31200   31400   200   0   0   20000   0   0   200   0   6500   0   25100   1100   0   0   34800   3100   0   0   0   1800   0   0   0   22100   1400   40000   0   3600   211500   1300   0   47700   200   12400   0   0   40100   0   0   22100   2400   588800   0   0   0   0   23800   0   0   0   300   0   0   44200   0   39300   800   600   191100   0   1500   0   20100   54300   0   300   0   0   0   0   10200   0   700   120900   0   0   5900   200   249700   0   0   700   0   0   
0   0   40100   0   0   18300   0   15400   0   4600   0   0   0   300   0   0   84100   0   0   1700   14200   0   145300   13700   2100   0   0   19900   0   0   0   0   39900   0   0   0   700   0   0   20900   316300   0   3600   0   0   0   79000   0   1000   0   500   0   0   0   0   21100   0   0   224600   39300   3400   11300   0   0   0   0   0   0   1100   0   0   200   993200   14200   0   0   0   0   2300   0   100   0   0   0   2111600   0   0   0   0   0   0   5200   0   0   0   0   7000   0   23000   0   2700   0   10200   0   400   0   0   100   0   0   140000   0   0   0   55200   0   0   0   0   0   
0   0   0   11000   0   21000   0   0   17200   0   200   45200   0   0   0   0   111800   0   0   16400   0   2200   0   0   332600   0   0   0   3100   71800   0   16800   0   0   60800   1000   0   0   332600   0   0   0   1000   0   23800   0   0   0   0   0   0   100300   0   0   0   0   71200   0   3800   0   0   15900   100   3200   0   7200   0   13200   0   15400   2700   0   0   13200   0   2500   2100   0   0   200   0   1000   600   0   0   0   0   0   0   0   200   0   0   0   0   144800   100   6200   44300   0   0   0   1208300   19900   0   0   21100   0   0   100   0   0   0   0   0   0   0   0   0   100200   
6900   0   0   0   0   0   0   0   0   0   0   0   21100   11300   0   0   0   0   2900   0   0   0   14500   100   23400   800   204800   700   0   0   0   0   0   0   211400   0   50700   0   400   21800   0   0   0   39300   1344000   5500   0   0   800   3900   0   40000   0   47700   14300   400   0   0   0   0   0   0   104300   0   84500   400   0   57200   300   0   0   5000   100   96200   100   0   0   0   0   3100   0   0   0   0   39900   42100   0   0   0   0   0   18600   30700   0   0   562700   0   200   5800   0   0   800   0   2100   0   0   57400   39300   0   0   200   0   0   0   0   0   0   0   0   0   
4100   0   0   400   100   64600   200   69400   0   800   0   0   31000   0   900   0   0   0   0   0   5700   1700   0   0   0   0   0   0   5000   567600   12600   0   0   0   0   300   0   0   0   0   0   200   0   0   0   33800   15200   0   46700   11000   100   0   2400   0   0   0   1000   0   30900   0   0   144800   0   2300   0   0   0   22100   0   0   0   0   67700   0   0   91200   0   0   14200   0   0   0   0   0   0   0   0   886900   238600   0   0   0   0   105600   0   900   0   9100   0   0   2177400   0   0   0   0   1300   5000   0   0   0   332900   0   200   0   0   0   0   0   114900   52900   
0   0   7200   0   0   0   0   0   0   0   562700   102500   0   67900   0   0   0   0   33800   0   1344000   637400   0   0   0   0   0   0   14100   0   0   0   2100   0   0   7100   0   11300   300100   0   137200   0   0   0   0   15100   111800   2200   2400   1800   0   0   0   0   0   0   100200   0   0   77100   0   0   0   36300   0   0   0   0   100   0   44200   0   2600   0   100200   0   584100   0   6200   567600   7500   0   5000   0   0   232900   100   0   0   77100   0   7200   0   0   0   0   0   60600   0   0   0   0   0   800   0   7000   0   6900   0   3700   0   255100   0   0   0   1100   0   14200   1000   31200   
0   0   26100   0   0   0   0   45200   3301500   0   0   0   0   0   0   0   0   169000   22700   11000   896000   169300   15400   63100   54300   0   0   20900   0   0   0   1900   0   0   0   100   25100   0   0   30600   0   0   200   0   0   0   4300   0   0   0   101300   0   5500   0   0   17000   0   1400   67900   0   114500   700   0   106100   0   11300   886900   0   200   0   0   0   0   1782300   114900   0   64600   2300   0   0   0   0   0   0   0   0   1200   0   1100   40400   500   0   0   0   281300   0   0   199200   381500   0   6630500   0   0   45300   300   1500   200   122300   0   0   200   0   0   19900   0   0   0   0   0   637400   
0   0   16800   0   7000   1616600   0   0   0   0   0   3300   0   0   0   0   0   400   1800   200   29000   0   0   0   0   0   0   2500   16200   0   0   1800   207800   0   0   0   1300   0   0   0   0   2400   2700   0   0   200   0   109400   0   0   0   0   0   23700   13200   2100   0   0   394900   0   0   500   1000   16000   0   3600   100   0   1400   1200   0   2600   66500   6900   44400   0   0   0   0   238600   0   0   5500   0   700   0   0   0   0   0   0   0   3600   11100   0   0   0   0   0   1000   191100   0   0   8600   0   0   2200   0   25900   0   0   4400   2700   0   0   189900   0   0   0   5100   
0   0   0   0   1300   23700   30700   0   0   0   1800   0   0   703600   0   14800   23400   700   0   29000   0   0   0   381500   122300   0   0   0   0   200   0   381500   0   0   563300   0   100   0   0   211400   0   2134700   0   0   0   0   0   0   0   0   108300   71800   8200   23600   0   0   21000   0   0   0   0   0   182800   6100   0   9600   0   11000   800   509100   0   0   0   0   0   2300   0   0   0   0   36400   182800   57200   0   0   0   0   1200   0   0   0   0   0   100   1000   0   0   0   0   14300   0   0   0   0   199200   0   0   700   0   11000   0   0   548600   0   21200   0   0   971100   232900   0   
23400   0   0   0   4600   0   2100   0   0   0   259600   0   0   23700   0   0   0   0   27100   0   0   0   0   6200   25100   1700   0   0   0   0   818200   0   300   46100   0   9400   0   0   20900   6100   0   0   0   0   1700   5800   7600   0   800   0   0   0   0   0   1978900   200   0   0   0   0   0   160600   0   238100   115700   21200   0   0   0   37100   1700   0   0   0   0   0   0   30900   39900   3300   0   0   1900   0   0   0   0   0   0   113700   0   0   3200   16900   0   52600   0   0   0   5100   0   0   9600   0   0   0   0   149400   660400   0   0   0   0   0   45300   0   29300   0   0   896000   
0   0   0   0   0   1000   37200   0   0   0   3100   53300   30600   6200   0   0   0   0   88700   0   0   0   0   0   0   0   0   0   33800   381500   0   0   9600   0   40400   6630500   0   16100   0   0   16100   0   106100   108300   25100   300   0   200600   0   39100   9800   14900   2111600   46100   0   0   0   0   0   0   20300   0   0   2100   0   0   0   0   0   0   196800   1019200   0   0   0   0   0   567600   0   0   0   0   0   0   0   0   0   0   16900   20300   2400   0   0   1900   0   100   1700   0   300   0   0   2300   0   0   800   65600   0   0   0   0   0   0   0   0   0   0   254100   100   0   0   
0   0   16000   0   0   0   0   309800   0   2600   0   0   0   0   400   0   0   900   0   300   0   0   0   3900   0   58500   0   254100   111800   0   0   200   0   47500   0   0   71200   200   0   0   277700   0   0   0   1000   0   0   0   5000   0   0   100300   100   1700   0   15100   0   0   562700   0   0   567600   106100   5300   2100   5900   0   0   0   0   0   99500   6630500   8600   0   200   11700   0   20900   0   207900   0   0   16700   0   5200   584100   46100   13800   100   500   0   800   2200   42100   37200   0   204800   0   1300   0   0   0   0   0   200   23800   21000   0   0   107900   400   0   30900   0   0   2200   111800   77100   0   
0   0   800   0   0   0   0   0   0   102500   4800   0   37300   1100   81800   0   500   0   9400   0   0   200   0   13100   0   65100   0   0   32200   0   0   0   535600   0   0   0   100   0   0   36900   0   14800   0   50700   0   0   111800   88700   5600   114500   0   0   6700   200   0   200   11800   0   25900   0   200   18600   40400   0   0   1100   0   300   2111600   0   4800   0   0   0   0   0   174900   0   39300   200   36400   0   98700   8400   0   0   0   2900   0   0   0   0   1700   0   0   57600   0   0   0   0   0   0   52800   0   0   0   0   0   0   0   0   0   0   1400   0   0   0   0   0   0   
30600   16500   0   6500   3300   0   0   0   0   0   0   0   9000   0   0   0   5100   0   23500   0   100   3300   800   0   0   0   0   0   1800   0   15900   100200   0   0   0   2300   800500   0   0   1700   800   0   23400   0   200   0   0   0   0   17200   0   0   0   0   0   0   5100   0   2600   100   0   2800   0   0   0   0   0   0   0   0   7500   0   0   0   4500   0   0   309800   0   0   0   0   81800   64600   0   0   0   26500   0   0   0   2700   45200   0   2400   900   7000   0   0   548600   0   0   0   14200   0   0   0   0   5200   0   0   0   0   0   16900   0   0   0   0   44400   
0   0   0   0   0   42900   0   0   3800   0   0   500   700   0   0   1200   0   9500   0   200   0   32200   500   0   0   20500   103900   133400   5800   0   0   0   0   0   600   567600   57400   0   296800   5700   114900   0   0   0   0   332900   600   0   0   0   14300   0   0   2900   0   18900   0   0   0   26100   200   0   394900   36800   0   98700   32300   0   0   44200   0   0   1000   109400   0   0   0   0   36800   10700   23400   6500   0   200   0   39300   0   0   0   1500   50700   0   400   18900   0   0   0   0   7200   0   0   0   0   0   0   0   0   0   0   0   0   0   0   0   32900   0   27600   4300   0   300   
1500   0   0   0   3700   0   0   56300   0   20900   0   0   0   0   84500   0   66200   0   0   27400   1800   100   0   36900   0   0   0   0   0   0   0   0   0   0   0   0   94000   0   0   0   302100   0   0   0   0   0   0   0   53500   9500   0   76400   199200   0   0   0   102400   31000   0   0   169300   0   0   0   0   0   800   0   94000   37800   0   0   23400   700   200   0   13200   0   0   3600   0   168300   10000   91200   26200   0   0   0   0   0   0   40100   113700   0   0   0   99900   4100   0   149400   0   0   0   0   0   4800   169000   0   0   0   0   0   26100   0   0   0   0   120900   0   0   
800500   14300   0   34800   0   0   0   0   11100   0   0   7200   0   0   0   0   0   0   44200   0   2400   0   0   0   100   0   0   0   0   1800   0   0   13400   2500   0   0   44300   0   0   600   0   0   0   0   0   0   0   0   249700   0   800   0   0   0   0   0   0   14900   0   23600   0   15000   0   0   0   0   0   0   0   0   0   0   0   1100   0   0   0   191100   2034400   0   0   0   4300   0   0   14300   540400   0   0   0   16100   2100   89100   9400   800   0   0   400   0   0   0   1400   0   0   0   0   1400   630700   0   0   0   0   500   316300   0   0   0   0   0   0   
18600   0   9200   63100   0   0   1800   0   0   0   0   0   0   169300   21100   600   0   0   0   2659900   0   4200   2700   0   0   67900   0   0   0   2100   0   21800   0   0   2900   0   0   0   16300   900   13700   0   0   300   0   0   77100   0   0   397600   0   4900   200   0   0   0   20300   0   0   42000   0   0   0   2800   0   2900   588800   0   13500   0   0   0   10000   0   0   23700   0   0   0   20000   100200   4800   0   0   160600   800   0   20100   1500   30700   0   2200   16100   0   0   2700   0   0   27900   14200   0   0   19400   0   0   2200   0   0   1500   0   800   20100   0   0   0   357800   200   0   0   8200   
0   0   13700   0   42200   0   0   1700   36300   2100   10000   0   0   0   0   0   0   9500   1300   0   4100   0   25100   39300   98700   1384500   0   0   325300   0   0   1000   0   332900   13500   0   21100   0   18300   5100   3600   5200   0   20300   0   39100   223800   0   5000   0   2400   0   21200   0   254100   2400   0   0   0   19900   0   0   48800   48800   0   72000   600   0   0   0   0   0   1300   1700   0   11700   300   0   0   0   39300   0   0   0   0   47500   0   0   0   0   553500   302100   0   40300   0   11800   0   700   0   800   0   16000   277700   0   0   0   21100   0   0   0   99500   0   800   39000   1700   0   5600   0   113000   0   
0   0   0   0   32900   0   4600   0   0   0   0   3700   0   0   0   0   0   0   11300   1000   600   0   28800   15700   0   0   44400   81900   400   0   0   0   2300   0   9200   0   1208300   200   0   0   0   57100   39100   0   0   0   0   0   41600   40300   588800   149400   27100   0   0   0   2500   21400   0   0   3800   0   0   100   23600   109200   1100   0   32800   0   0   0   0   0   0   211400   500   114700   0   0   3500   9400   2800   20000   18600   1500   0   0   0   1900   5300   0   0   5700   0   100   0   281300   0   0   1983000   0   0   0   0   0   0   0   0   32900   0   0   0   0   0   0   818200   0   0   0   
0   0   500   0   0   0   14500   0   0   0   16900   0   0   700   300   0   0   0   0   66000   9400   0   1700   0   0   0   5000   100   107900   0   600   0   0   0   0   0   0   7200   0   20300   27400   0   0   23700   0   5000   103900   6500   0   9200   31200   109200   85700   0   0   0   113700   20900   0   0   0   0   0   31200   94000   12300   0   0   0   0   0   0   0   7200   0   1700   0   17200   0   0   0   0   3600   0   42200   100   0   2800   0   0   39300   700   302100   100   0   0   189900   0   40300   0   21300   0   0   800   0   0   600   0   0   16900   0   0   45300   254100   0   0   2600   0   0   0   
0   0   0   102400   0   0   0   0   0   403400   223800   9800   0   0   24600   0   0   0   18700   548600   0   0   0   0   13800   0   0   0   0   4800   0   0   0   0   9400   0   35900   0   0   0   0   0   15400   0   100   0   0   1500   300   0   0   0   0   1300   403100   114900   100   225300   0   200   5200   0   0   0   6500   0   18600   800   0   0   0   0   0   0   0   0   133400   15900   0   0   0   2100   0   8200   16700   17200   0   0   0   0   0   0   0   2659900   11100   0   100200   0   0   0   0   0   0   0   0   0   0   0   0   0   0   23400   0   0   2600   0   0   0   0   238100   
0   0   0   0   0   0   100   7000   0   0   0   0   0   0   16400   0   0   0   0   1500   0   0   0   23400   0   0   0   0   1200   22500   0   0   50700   0   580500   0   0   0   15800   1700   11000   0   0   41600   0   1700   0   0   0   14300   0   0   27400   3700   900   0   0   0   9200   115700   0   0   300   0   0   0   0   2300   0   232900   6100   0   0   1900   23400   0   0   0   0   0   0   0   17400   0   0   0   6500   0   57400   0   0   0   2177400   7000   0   0   0   39300   1900   0   0   109200   0   0   18700   14200   0   0   0   0   0   0   0   588800   114500   1300   1400   0   0   31200   
400   0   300   500   27600   0   0   20900   0   0   1700   0   556700   16100   0   6500   0   66500   0   0   3600   661700   0   0   20000   8400   0   13100   900   13200   45300   0   5300   0   0   0   0   4200   0   0   200   0   0   1900   0   6100   16500   0   0   1983000   0   0   0   100   0   7100   0   56600   23600   0   0   0   0   600   0   1200   100   0   25900   900   0   16500   44300   0   0   0   0   0   0   21600   225300   0   0   54300   0   300   19900   57500   0   0   0   0   0   12300   0   0   300   0   0   0   14600   26500   21000   40300   13200   0   0   0   0   16700   0   0   15100   0   0   2100   0   34800   0   0   
0   0   0   2034400   22500   0   0   1400   74100   0   0   0   0   0   0   0   42100   0   0   9100   0   101300   100   5000   0   5300   0   0   23100   0   0   0   1300   0   5500   0   0   0   0   14500   0   0   0   1800   0   0   0   0   0   0   0   296800   0   20000   10900   0   6630500   0   0   6200   0   238100   0   0   0   0   0   0   0   0   400   0   316300   17400   400   66200   0   0   0   149400   0   20300   0   0   300   0   509100   2700   0   0   0   0   44200   2100   0   0   7600   0   0   0   100   91200   0   0   0   630700   23700   16100   0   7200   0   0   8600   0   0   0   700   0   0   0   
0   300   0   0   900   0   137200   302100   0   14200   0   0   660400   0   0   0   0   0   0   0   0   0   15100   0   0   0   53900   0   0   66000   0   0   0   0   0   2500   0   1700   1100   22700   15500   0   0   0   0   0   0   0   169300   0   0   0   21000   99500   0   300   0   0   60800   23800   0   0   0   0   0   3800   703600   0   66500   0   0   0   4100   0   0   0   0   0   200   900   0   5500   0   0   0   0   173200   3400   0   0   800   182800   0   1400   1000   0   11700   4500   200   0   100   0   0   49000   0   65100   0   72000   3500   1019200   0   0   0   10900   0   0   0   191100   0   1200   
8900   0   1700   16500   0   4100   200   0   0   0   0   94000   2400   0   0   0   0   32600   0   0   40300   2400   0   0   13200   0   535600   100   900   0   0   0   0   2600   0   0   0   0   309800   0   0   0   0   400   0   0   0   0   0   0   1100   0   0   200   67900   14900   0   0   100   99500   3600   0   2600   0   0   16500   3600   0   0   0   0   5200   12300   0   0   0   900   0   47700   200   400   0   0   8900   0   0   1200   300   12800   71800   0   0   332600   0   1000   0   0   40400   89100   69200   0   126400   0   0   0   0   0   0   0   0   0   0   0   0   0   0   5000   0   0   0   
191100   0   580500   0   0   0   0   60800   0   0   0   0   0   65600   0   3600   0   0   0   403100   0   84500   0   34800   0   0   15900   114500   0   0   3600   0   400   21100   31000   0   100   200   0   0   0   0   300100   31400   27100   0   42000   56600   0   44200   0   0   0   6200   567600   0   0   0   31400   0   1400   42100   30700   0   44400   53300   36400   0   0   0   5600   98500   0   0   99900   0   0   0   27800   0   0   300   0   0   4600   15800   0   0   0   0   0   0   7400   0   0   37300   0   0   0   580500   0   11300   0   0   1983000   27400   0   0   40000   0   5600   0   0   0   0   0   71300   0   0   0   
300   0   0   0   40100   1700   0   0   400   0   44200   6100   0   0   0   2600   0   15800   0   1200   0   0   0   0   0   0   0   0   0   0   0   0   11700   1700   0   0   0   0   0   309800   703600   0   0   0   0   0   0   0   18600   1500   600   0   800   0   0   0   14900   316300   168300   0   0   0   0   0   8200   0   42500   333000   0   0   0   0   0   0   0   357800   0   0   29100   0   0   20100   15900   0   0   40300   207900   0   0   224800   0   11800   0   0   0   0   0   108300   100   0   42100   0   0   0   0   9400   0   0   0   0   0   0   0   1100   42000   0   700   52800   0   0   
5300   0   3900   29100   0   0   0   60800   1600   9800   14200   21300   200   0   0   14300   81900   0   18600   0   0   471100   0   0   0   0   800   0   800   0   0   0   1500   0   0   0   26500   60600   9400   0   0   0   0   0   0   0   0   10000   0   0   800   2300   0   140000   0   0   0   0   0   50700   100   394900   0   0   1500   9200   331900   0   0   0   0   15100   0   0   200600   32200   0   15500   500   1500   0   0   0   0   0   2100   0   5300   0   0   0   14300   23700   0   18800   0   0   1400   4900   0   0   0   5200   0   0   4800   0   56300   0   0   200   42200   100200   0   0   0   0   0   14500   3300   
0   0   1800   137200   0   0   0   144800   0   0   2600   700   0   0   0   0   100   100   0   0   7400   24600   0   64600   57600   0   25400   0   0   0   5600   802100   0   71800   0   0   0   0   0   0   0   0   2177400   0   0   0   200   900   14100   0   14100   0   10700   993200   0   160600   0   23700   49000   0   0   0   4800   1782300   0   562700   2600   0   0   16900   11000   0   1700   0   3300   0   0   169000   100   7200   0   2300   0   0   700   0   0   1700   31200   0   0   0   0   0   11800   0   2300   200   42000   0   0   52900   45300   0   10900   0   0   0   0   0   0   0   249700   0   0   0   0   0   0   2800   
255100   6500   20500   0   800   300   0   29100   0   189900   0   0   0   28100   0   0   2111600   0   0   10700   0   0   1700   100   357800   88700   2800   44200   0   11700   0   0   0   0   16600   71200   0   0   0   0   6500   30700   31000   7000   0   0   60600   0   0   0   0   6630500   0   0   1782300   13700   0   0   15500   0   6100   114500   31200   52900   0   0   0   29000   0   3700   0   0   500   100   540400   2400   800   1616600   0   4100   0   20300   0   0   0   0   0   660400   0   200   0   100200   0   0   0   1000   0   500   0   67900   0   0   211500   0   0   0   0   0   567600   0   260700   2800   0   9500   0   39100   0   0   0   0   
0   100   0   20300   0   0   0   0   0   1700   0   65600   200   0   0   302100   16200   0   0   0   2500   0   0   900   1208300   3500   27700   0   0   0   0   0   584100   0   41600   2111600   0   800   0   0   0   0   11000   89200   0   0   0   403400   0   0   0   106100   0   0   0   1000   0   0   0   0   0   0   1700   207800   0   0   200   0   0   0   0   0   25100   0   5300   3800   56600   0   0   5500   0   1208300   0   0   0   0   1100   0   0   50700   0   0   0   0   0   0   100200   0   0   91200   3500   0   800   0   6900   0   333000   0   0   0   0   400   0   2500   52900   0   0   89200   0   0   
