120
0   0   0   0   104   0   0   0   0   0   7   506   2060   33   0   0   0   0   0   0   0   0   1   0   0   989   2421   8   55   0   0   0   0   12   0   19   0   68   0   0   0   0   0   0   1   6   37   0   1   0   804   0   2494   0   0   101   28   0   0   1   0   279   0   0   0   62   0   0   0   758   0   136   14524   0   0   0   273   0   87   2   446   0   0   1   1268   0   0   429   0   16   0   495   28   0   0   0   0   265   0   0   71   0   0   0   0   0   0   0   466   0   604   0   0   0   69   0   0   1   0   1150   
0   0   21   0   12   0   0   0   0   0   0   1   0   0   22   3814   0   0   0   0   0   0   80   0   0   0   0   0   0   0   0   0   0   76   240   0   205   10   35   0   70   0   1531   0   370   450   0   112   0   0   0   0   95   0   827   0   0   0   0   0   0   0   99   0   0   0   185   217   0   55   0   0   120   0   128   0   0   16   28   0   1265   218   0   0   0   0   12   0   3562   0   1033   0   101   0   178   0   449   0   368   0   0   0   0   0   861   0   0   0   5292   48   0   0   0   0   141   0   0   11   4037   0   
6231   105   0   0   0   14   0   0   16   49   0   0   0   84   0   0   3904   0   855   0   107   0   0   979   0   0   0   0   0   206   603   0   1031   0   0   784   0   0   134   0   0   0   0   504   3   0   0   53   0   0   0   41   0   40   0   0   14   8   5   23   256   0   0   2328   0   0   0   37   0   0   0   0   22   49   0   16   0   18   0   0   590   0   0   13   2060   0   0   0   111   0   60   0   0   0   0   0   0   2368   131   0   0   394   0   264   0   44   0   0   0   4   0   0   376   3046   3940   0   0   0   24   0   
58   0   0   0   0   0   0   0   353   0   0   0   0   0   178   12   1269   0   82   0   0   0   0   0   1   0   738   0   44   9   498   0   85   327   62   0   3   0   0   71   394   1531   63   87   0   0   827   0   48   0   60   0   0   670   32   155   0   0   0   15   0   0   2531   761   4237   28   15   0   0   20   0   1   0   0   5   0   0   11   0   156   0   2772   0   17   649   13   440   884   515   0   0   3814   0   0   0   0   0   222   323   5   0   46   0   3023   0   0   933   0   20   0   4   1488   0   0   134   71   63   0   0   150   
327   0   190   0   0   2   0   0   59   0   15   0   87   0   0   0   0   28   0   0   1209   362   3   5292   308   1497   62   0   429   407   0   0   22   0   0   0   0   0   0   0   6   0   25   0   0   163   9   0   374   4   1451   0   10   60   0   4   2772   0   16   9   0   0   12   0   0   0   0   3   0   266   0   22   0   0   21   0   362   0   68   12   0   0   0   0   172   0   0   0   400   49   12   0   12   1381   0   0   0   0   901   5   0   6   0   0   0   0   1531   0   0   0   0   936   0   19   2   0   0   0   98   0   
0   50   21   0   0   0   0   0   0   128   0   84   0   0   41   0   152   6231   3   176   18   68   0   0   0   0   0   1543   0   25   0   1   0   178   476   0   0   0   0   1150   0   1   0   0   1727   3   0   107   0   108   2494   12   0   0   126   11846   0   478   0   0   0   0   3023   0   0   105   0   0   2087   16   0   0   0   276   104   49   480   91   3   0   0   1451   0   0   0   97   0   2494   0   0   1031   478   0   0   99   0   0   1796   6340   0   0   0   0   0   0   0   0   81   0   137   0   0   0   0   135   0   4116   0   0   4116   
0   1078   0   0   0   46   0   0   324   4   0   0   0   0   0   0   376   0   227   0   0   0   501   0   0   5685   0   1000   0   46   0   147   0   0   2   45   224   85   0   467   0   0   0   0   206   861   44   0   308   80   0   0   2772   89   0   0   0   85   268   60   6   804   0   7665   0   0   0   498   14   22   0   15   0   28   0   0   17   0   3046   417   0   0   1739   16   0   0   0   0   0   0   0   153   0   0   0   0   41   0   0   850   25   0   0   73   10   7   0   4   0   157   0   0   22   56   331   0   0   0   0   435   
0   0   0   926   0   120   0   0   0   296   0   0   292   3   101   0   0   53   0   0   0   35   0   0   0   0   0   95   566   0   0   0   0   1543   0   10   850   0   30   0   1568   0   0   2087   0   172   566   0   0   25   0   0   31   0   3060   8   25   100   0   0   385   64   0   0   0   23   110   14   0   0   74   0   0   6   0   0   0   0   135   0   394   855   0   0   0   0   0   274   5   0   0   0   340   53   0   19   28   269   20   0   0   0   0   9   0   0   19   0   0   224   141   0   0   264   0   148   0   0   1   0   
15   0   133   23   1058   11   89   13   0   0   0   0   59   0   0   89   15   0   0   0   0   38   0   0   0   0   44   3060   0   0   0   0   188   3   235   0   874   6334   46   25   53   855   719   19   0   0   0   0   0   926   274   0   566   0   0   2   861   0   0   5   253   88   0   0   0   2317   0   76   4084   30   113   1458   3158   4592   0   0   2   0   0   212   0   936   0   0   0   0   0   0   0   0   0   0   0   0   117   0   0   452   0   0   0   0   0   16   3   0   329   0   0   0   165   0   85   152   15   0   0   0   22   0   
0   974   0   0   0   4116   4   0   0   0   2317   0   48   0   0   563   0   0   0   0   466   0   321   0   0   301   0   0   400   0   0   0   0   0   0   0   0   1338   0   0   0   0   3   0   0   0   2421   0   0   4116   0   583   22   0   2060   651   2   0   0   0   0   177   100   417   108   0   0   0   0   0   0   0   0   6   0   0   0   15   0   0   0   97   0   352   651   0   0   226   1113   0   0   9   0   0   99   0   0   0   0   309   0   3   178   14   5   0   0   268   0   0   0   0   0   1727   0   0   0   0   0   19   
5   123   0   0   0   370   2531   0   0   123   0   18   0   0   0   0   0   0   0   0   1381   0   0   475   0   0   0   0   8   270   154   0   0   57   120   0   0   0   296   5   0   0   1066   0   0   0   29   0   0   0   0   817   0   0   0   352   2   5   155   563   0   0   0   0   0   0   0   0   106   0   308   0   0   87   2   0   48   0   0   0   59   0   0   56   0   1796   11846   0   0   0   569   453   0   8   0   63   0   41   265   0   0   0   124   25   70   0   43   0   124   453   0   843   432   0   0   0   0   0   0   2   
203   331   26   0   0   0   0   226   36   114   134   0   0   0   0   0   0   0   8872   74   112   0   0   0   0   0   23   0   0   0   0   0   15   0   400   0   0   4013   740   0   0   92   1829   49   15   0   0   0   0   110   0   976   0   0   1796   0   0   16   149   0   370   0   100   0   1183   0   0   0   0   0   0   0   206   4   9   466   0   0   0   111   133   274   923   0   0   0   203   31   14   0   0   16   308   563   0   0   0   0   0   7   0   0   153   738   22   0   0   179   0   0   185   0   2317   0   566   147   0   149   697   8   
35   166   0   62   0   0   0   0   0   0   0   0   0   0   0   0   1   1017   632   0   153   0   1684   0   3   0   6   0   12   2   0   1796   3   0   8   0   123   0   268   14524   46   0   0   1796   6   0   8   2772   0   296   37   64   5   0   0   256   0   296   0   0   0   0   466   902   1732   734   308   0   0   0   207   32   0   3   156   0   796   0   0   0   83   0   0   1732   0   65   0   0   36   298   0   0   85   0   0   0   137   58   86   33   0   0   0   3   256   0   44   0   0   0   0   0   478   368   467   845   33   0   0   0   
0   0   1269   0   0   1268   23069   128   0   2   108   8   1497   0   0   0   0   0   0   12   0   0   0   0   0   0   0   0   0   102   465   74   0   0   0   0   0   0   0   14524   2   0   0   0   0   796   56   0   0   250   0   0   0   81   3940   0   0   0   0   23069   8   0   43   855   417   0   0   0   370   498   0   6231   0   0   8   0   0   0   0   0   0   113   10   2   0   4   4116   0   0   0   91   2107   0   0   4   498   0   153   0   0   291   0   183   93   47   0   0   0   804   308   0   0   1078   212   0   0   0   0   0   6352   
0   185   97   0   0   0   0   0   0   0   20   0   0   90   0   0   43   0   0   172   41   6   83   6   0   279   26   515   179   0   0   0   5384   0   0   0   5   0   8   0   18   68   0   0   0   0   235   0   578   298   28   0   333   0   0   0   15   0   0   0   58   38   0   44   0   0   0   10282   0   0   0   0   0   19   41   861   1732   0   0   230   2   0   0   0   6   874   0   28   10   1488   0   0   0   0   0   91   845   25   301   11   0   0   0   0   0   0   0   864   0   14524   0   25   11   0   0   14   0   0   0   0   
83   0   0   758   0   0   0   102   206   0   156   0   0   1   0   0   0   150   5   111   0   0   26   0   0   11   188   0   0   0   0   2   83   0   0   0   0   1023   0   11   0   0   850   0   188   0   81   0   0   5   1   0   0   0   0   0   254   309   1209   185   0   72   501   0   0   0   59   0   3144   0   0   148   4   0   0   0   0   0   0   0   0   0   0   0   0   36   4   0   0   0   100   101   12   1   0   0   649   21   0   1164   2531   2494   5   14   0   30   0   349   0   32   0   296   0   0   0   0   0   0   9   0   
171   81   0   0   0   23   0   0   266   0   2421   35   0   0   6340   0   0   15   154   56   0   0   0   0   0   468   28   0   0   0   83   60   6   0   52   0   217   0   0   0   0   0   41   128   0   17   36   0   0   0   0   0   0   13   0   0   12   139   0   0   0   117   0   1   0   0   0   417   370   0   0   0   0   51   0   0   18   0   0   0   0   0   0   41   0   0   9   0   0   0   0   0   53   0   0   0   6231   0   171   0   0   150   374   105   0   9733   0   0   25   222   803   154   0   0   45   105   308   0   0   7   
0   48   794   56   291   29   2328   3   0   123   0   70   0   533   10282   10   10282   0   0   0   265   250   665   0   0   1   0   370   0   706   0   65   32   36   651   0   0   156   0   0   22   534   55   0   1228   0   1078   12   0   0   14264   0   0   42   0   10   827   0   87   18   11   13   0   1033   230   979   0   23   13   0   108   0   214   0   446   108   3814   0   0   0   87   0   0   0   0   0   429   529   0   0   85   0   0   746   0   0   183   0   0   266   0   43   244   1338   0   86   0   28   0   0   0   0   25   0   4   0   0   0   1037   40   
80   0   40   0   0   17   0   5   0   0   0   1   14524   0   0   0   0   10   0   105   37   226   178   0   0   1   0   0   0   15   2172   1058   0   376   26   65   0   0   6231   0   0   0   874   1113   1727   222   0   400   0   0   0   362   139   0   0   0   480   22   0   0   8   0   0   8   44   450   35   2060   0   42   0   167   0   0   5   15   179   0   0   82   0   0   0   0   907   0   28   3   522   0   12   0   18   0   0   276   22   0   0   0   0   0   73   0   0   289   0   794   68   30   0   74   0   269   0   0   12   193   0   92   
0   0   0   0   0   16   0   107   0   268   62   0   0   0   23   2368   0   6352   1684   0   0   36   235   0   1023   84   0   0   18   10539   0   0   0   0   71   0   1796   137   0   0   0   0   291   0   100   2421   0   0   1531   368   59   0   0   123   466   193   0   74   0   0   279   41   637   0   0   87   107   149   0   1633   0   0   13   1739   17   376   15   0   647   265   1154   0   651   276   0   0   1   0   0   0   55   796   23   5   0   28   0   498   0   323   0   0   529   0   0   21   0   0   95   52   604   0   0   0   0   148   0   0   0   0   
0   0   4   2772   0   117   270   827   84   0   0   6   21   0   0   2   0   921   0   0   0   0   185   21   163   0   0   18   0   0   227   0   0   72   173   0   0   11259   458   0   0   0   0   0   0   0   301   0   62   858   0   0   0   0   0   0   0   0   0   0   0   49   46   0   22669   12   0   0   0   803   0   60   0   208   0   907   0   0   0   0   0   0   0   46   0   0   0   111   0   0   0   1181   1   0   0   0   0   308   0   65   7   16   5   0   24   3   250   0   0   0   321   0   291   0   0   120   559   0   578   0   
0   0   85   0   0   0   0   4292   0   26   263   0   665   222   0   42   0   97   46   74   0   0   11846   0   12   309   0   407   0   0   6   117   205   1   0   106   0   136   0   0   3023   0   60   0   253   0   0   0   0   1   85   65   0   0   3   16   0   2   0   0   0   24   0   0   0   205   0   0   22   0   0   0   0   12   171   16   0   0   31   0   0   0   0   6   54   0   152   0   0   0   0   203   0   989   166   0   0   262   0   104   52   0   0   0   1338   62   0   0   0   347   141   0   0   0   0   0   0   0   0   0   
6   0   26   0   110   0   0   0   0   0   0   0   0   0   381   0   0   11   0   167   0   304   0   15   0   0   0   36   0   20   215   0   0   20   0   0   63   30   0   0   498   0   0   59   936   1254   0   0   4116   0   20   0   3940   0   25   0   11   0   56   0   71   9   0   5206   208   86   14   0   0   0   0   0   206   190   0   0   126   0   0   10282   0   0   0   0   0   0   19   0   59   166   157   0   0   0   0   0   1543   102   0   0   217   0   0   16   0   140   9   203   166   41   0   0   0   0   0   3   0   1802   347   43   
0   0   0   376   0   0   0   206   0   0   13   0   230   0   0   429   105   0   522   0   0   31   203   0   0   0   14   49   0   0   0   4   0   0   65   1031   0   38   55   0   0   0   2087   0   0   1058   0   0   44   0   0   1033   105   0   1265   0   0   415   0   0   0   0   738   10   1739   0   0   0   188   0   0   3   0   1531   0   0   52   0   68   0   55   0   273   0   160   0   78   43   0   0   0   2   374   0   85   0   59   0   0   0   9   40   4013   0   0   394   0   0   85   6   0   0   262   0   2328   69   87   0   0   51   
1381   0   83   30   30   0   0   0   0   222   0   1488   450   0   0   0   0   0   0   0   41   0   18   0   0   8   1   804   14   0   24   207   0   1   81   0   0   0   64   0   0   0   0   883   0   298   393   0   0   0   0   0   4   0   0   0   0   0   270   0   498   1338   26   14   68   0   0   4237   14   0   0   265   0   362   0   264   1   0   0   0   2   111   8   0   0   0   38   1   0   321   26   323   21   4   0   0   0   0   681   0   0   212   0   902   1150   0   0   408   0   0   0   32   2317   0   6   901   1381   193   1   0   
850   374   0   2   0   0   0   0   0   0   0   0   0   690   72   0   0   86   112   111   0   0   0   2715   0   0   59   4   0   266   441   0   0   0   0   85   0   23   0   0   0   273   0   185   0   432   0   0   217   177   0   41   0   0   0   17   5   37   11   0   0   0   0   0   277   0   171   46   719   651   0   0   3   0   3   734   0   46   0   15   0   0   0   0   48   0   0   10   0   6   3441   0   22   0   0   0   0   0   0   12   331   38   0   0   0   0   0   458   0   435   5292   460   6   0   0   0   46   31   25   0   
0   0   0   0   784   0   0   0   2   1381   0   128   30   65   22   0   0   253   19   0   706   0   0   902   0   515   0   1127   529   15   120   0   0   3023   0   0   0   16   64   758   83   0   0   8   156   0   16   0   0   0   3144   0   0   5   0   0   0   183   0   0   0   0   12   107   302   0   0   0   0   22669   690   1531   0   291   90   989   0   0   478   0   0   111   0   131   0   0   49   0   0   0   0   172   327   0   6   0   0   0   81   0   0   0   0   147   0   92   1   0   0   0   99   0   80   20   1037   6   36   0   0   6   
2   0   0   19   110   0   0   0   0   0   0   0   559   2368   0   62   0   0   804   4292   746   157   5   0   0   0   0   0   0   0   0   0   78   0   738   0   0   1164   0   1739   21   0   0   0   0   0   0   0   0   93   0   0   0   0   131   0   128   0   974   0   0   0   214   0   0   0   0   37   172   51   10   62   3060   1031   4   0   178   19   0   734   0   3562   0   0   0   0   2   0   3940   0   1313   37   0   0   0   0   323   0   0   0   697   0   0   13   0   0   0   0   0   0   0   0   0   0   85   0   0   0   80   1   
6   0   0   0   0   0   0   152   0   0   804   106   1113   647   0   766   0   46   0   0   0   0   0   0   734   22   301   0   0   0   137   0   0   179   108   36   172   83   0   0   740   2494   0   0   2087   1436   6   0   296   0   0   38   0   74   105   465   0   0   0   0   1727   0   0   0   0   961   0   28   206   0   276   2421   0   0   19   590   302   0   0   352   9   0   19   0   0   0   37   0   0   0   0   0   0   0   0   651   0   0   0   0   4292   0   0   0   26   0   0   465   0   0   12   1127   108   62   0   263   651   6   855   0   
0   6   0   1531   0   0   9   150   0   0   0   0   0   48   0   0   0   0   0   0   81   1   0   0   0   0   172   0   0   0   266   0   194   118   0   32   291   0   0   647   16   0   265   347   89   0   4   0   1269   97   0   0   0   0   11   0   14   0   1338   22   0   0   48   2353   0   51   0   0   2   0   0   460   0   0   0   224   349   0   28   10539   0   0   268   0   12   0   0   0   0   45   0   83   0   0   0   0   0   0   48   0   0   0   0   20   25   0   506   0   23   0   1   0   63   0   0   2107   183   59   136   0   
0   0   385   0   850   301   0   152   0   367   8   153   92   0   0   0   0   0   347   131   0   49   0   0   0   8   0   5685   0   0   0   51   2   10   0   0   91   79   0   10   0   38   0   0   0   0   0   0   0   111   0   0   3562   3184   0   0   35   0   0   0   0   0   126   0   22   266   0   0   0   989   0   0   0   0   230   78   43   36   56   4   160   0   1   0   0   0   206   10   1   0   0   0   26   0   268   0   0   0   3814   181   73   0   1017   0   25   18   0   0   0   0   0   0   0   0   0   0   63   0   0   2   
26   0   0   1568   0   0   0   0   0   0   0   0   1066   14524   0   148   274   0   0   70   80   0   0   417   0   0   0   9   933   0   1   0   0   0   0   41   0   0   0   0   0   0   256   0   47   495   0   0   41   1   0   0   0   146   407   0   0   0   0   28   0   147   0   0   0   1   8   244   0   3   0   321   5   49   8   0   0   40   111   0   569   0   218   0   0   738   0   0   9   59   0   0   0   22   2531   0   0   0   134   327   137   0   0   0   0   0   153   137   1183   0   119   0   0   32   0   0   0   0   6   0   
0   207   133   120   113   0   0   0   0   883   75   104   141   41   0   327   10282   5   0   0   0   8   0   533   0   0   0   214   150   0   0   73   0   101   9   0   108   0   0   435   0   0   14   0   0   32   0   0   0   0   0   0   56   1209   2368   179   1078   0   0   40   0   0   0   0   0   0   0   46   467   85   0   0   0   0   0   30   0   0   2087   0   0   0   22   87   0   0   4   0   0   227   0   0   0   0   224   0   0   2   49   3   0   0   166   5   746   0   0   0   475   1   0   0   394   0   94   0   53   0   56   55   
0   0   60   0   0   18   0   309   1931   0   0   1   12   0   1   0   179   1   48   0   5   0   0   0   0   0   16   0   0   155   81   0   1436   0   13   0   0   0   1458   0   3   0   0   0   51   3   0   0   0   0   11   0   0   15   0   0   0   0   0   0   101   0   0   0   74   495   0   0   0   0   0   12   0   0   0   60   0   0   11259   0   0   0   0   0   647   0   0   0   0   0   0   0   74   371   0   0   0   0   0   0   0   69   0   0   0   2   38   0   0   105   0   0   453   0   92   0   0   0   0   268   
266   0   0   41   0   153   104   0   400   0   2   0   0   22   0   22   0   43   5   0   0   0   0   309   0   134   0   78   22   0   0   92   0   0   0   101   53   0   0   0   4   0   56   301   87   60   40   2   2   0   4   0   0   0   325   0   147   0   0   43   309   0   227   460   0   3   0   6   0   6   5   0   0   1970   21   0   0   0   1037   70   452   0   0   205   0   3158   11   111   62   0   0   0   7   421   0   0   0   0   3046   0   0   0   4   2   1970   1269   28   1543   18   0   0   0   0   0   374   855   222   0   321   0   
80   0   13   0   804   20   0   54   134   0   0   0   139   25   0   308   2   0   104   0   0   0   559   120   0   0   15   0   274   1   134   0   19   0   0   0   0   141   15   0   0   263   9   0   1   0   291   156   74   46   0   0   118   0   0   0   0   123   0   35   22   20   0   0   118   0   12   566   60   0   2328   1183   0   24   0   0   0   429   2494   71   262   0   185   269   0   0   0   0   203   0   3940   0   76   72   0   0   0   68   0   0   0   0   1497   0   0   0   1   1488   0   0   0   784   0   23   0   0   0   2531   0   0   
0   0   0   0   1017   28   0   268   83   0   12   0   0   6   172   0   0   534   28   0   0   0   25   0   0   1451   1   0   0   0   0   32   0   0   12   0   0   0   421   14   0   0   435   0   29   0   0   465   0   0   9   0   0   1829   0   13   0   690   0   171   58   5685   8   73   0   0   0   0   0   24   192   0   0   0   0   68   13   1543   46   681   256   108   0   0   118   160   0   41   0   0   0   49   0   8   104   0   230   0   323   43   0   46   465   0   0   0   0   203   20   6   2   0   46   0   0   3   30   0   0   276   
8   0   74   0   0   453   4013   43   0   0   0   0   766   0   0   46   11846   0   0   855   48   0   0   0   0   0   796   1   0   5   0   0   0   16   0   0   30   0   0   45   28   0   0   0   0   0   0   0   52   0   14   0   0   0   268   83   1000   0   99   24   0   26   0   0   0   30   0   0   166   0   670   0   1   0   266   0   163   0   0   137   0   54   861   152   112   185   777   106   0   0   70   14524   0   3904   0   0   0   0   163   0   38   0   0   89   0   214   0   974   1   0   0   0   0   0   0   0   6352   0   85   8   
0   429   0   0   0   0   0   206   113   0   0   0   0   16   0   0   0   0   0   0   0   0   0   21   936   740   0   24   296   0   0   0   64   45   291   0   23   19   0   0   861   0   0   0   758   123   0   0   647   0   22669   0   0   0   0   0   72   0   6   0   2   0   0   0   0   104   0   3   64   1023   2159   0   0   0   0   883   0   0   0   194   0   25   0   417   0   137   0   2772   48   1   0   0   6   1   74   22   265   452   0   0   0   3   858   0   97   0   0   0   0   0   0   0   7   0   0   0   0   118   177   95   
87   0   0   0   0   0   0   907   52   0   106   6   0   0   0   368   0   80   5   0   0   70   0   78   97   0   0   0   22   1150   951   0   14264   23   28   0   1   20793   30   0   70   0   1436   1181   263   0   0   0   0   0   277   22669   0   901   0   298   0   10   0   2   632   2159   266   855   0   64   367   0   1568   53   0   0   11   292   113   0   0   0   0   0   6   0   171   123   0   0   0   0   1   41   0   858   321   0   0   515   0   0   215   3158   559   0   0   1268   4   0   0   108   0   1154   0   1181   35   59   276   0   0   0   0   827   
0   0   89   0   0   0   0   0   0   0   0   522   31   0   14   60   0   0   0   0   2159   1113   1684   0   0   302   3   0   59   38   0   8872   35   110   0   0   0   20   0   0   0   22   0   64   0   4292   0   0   0   16   0   0   0   0   0   49   0   56   0   25   0   9   0   740   104   276   0   3046   734   0   1   28   0   0   0   292   105   172   59   961   478   178   347   0   0   0   14   92   0   9   0   1127   352   0   0   0   0   1568   0   20   0   0   0   91   0   1023   0   43   0   0   0   139   1   0   0   177   0   349   192   176   
0   0   120   0   632   105   0   323   0   0   55   0   0   0   59   0   0   178   0   0   0   0   49   37   212   0   529   0   80   0   276   50   0   2   5292   92   0   0   0   44   13   0   268   13   0   0   0   0   0   0   301   0   157   0   105   0   0   376   746   0   0   0   0   0   0   0   3   0   41   46   0   0   19   460   0   0   0   0   0   0   0   0   30   0   61   0   156   1458   0   22   0   25   0   0   0   32   352   0   179   4   38   861   2060   446   0   91   203   40   1   0   0   0   6   18   0   0   5   0   0   0   
1183   0   0   10539   0   5   0   41   0   0   28   156   0   0   0   0   0   266   0   0   0   3   26   1   3158   0   0   0   0   0   9   0   0   133   0   0   19   2087   0   0   126   193   0   15   41   0   0   0   0   0   0   206   1   101   0   0   181   69   0   57   20   0   87   148   0   0   0   0   0   0   0   0   0   0   0   0   0   65   206   0   0   0   0   41   0   301   0   0   0   43   0   1   0   46   1381   0   0   0   0   0   20   1181   0   498   498   25   0   114   0   0   0   0   5   0   0   0   0   0   131   0   
59   0   415   0   0   48   167   0   0   0   12   308   0   73   0   0   0   604   0   590   0   12   0   0   0   256   0   226   0   5   136   58   0   0   28   4251   0   0   457   0   0   480   0   0   2317   0   1796   843   0   0   43   0   36   4   0   0   42   28   30   0   22669   0   0   120   0   0   0   301   128   0   4   2   0   0   0   134   0   0   13   495   0   6   533   133   1   0   17433   408   0   0   83   0   1488   0   0   0   0   0   0   0   0   86   0   99   19   153   0   0   0   0   0   0   146   0   26   0   28   0   0   49   
8   56   22   0   501   0   22   0   0   0   0   0   0   0   266   0   845   0   70   453   0   0   466   855   0   254   0   1   0   0   441   0   1269   0   3   266   0   0   0   4   0   91   298   0   0   381   88   51   0   11   0   222   51   17433   0   3184   321   165   0   41   0   0   0   117   7   41   0   0   22   101   1   665   0   0   0   0   0   0   22   37   0   141   590   8   266   0   3   0   4   0   979   0   166   0   0   0   0   2421   0   563   0   171   8872   0   270   0   0   0   0   0   6334   2   3   0   370   68   7665   192   0   0   
0   0   0   0   449   5685   0   0   268   0   0   0   1   47   14   0   0   0   0   0   0   0   264   0   0   98   2   58   0   0   0   0   0   22   0   268   0   0   0   10282   0   0   85   308   75   0   0   270   94   0   62   0   827   7   0   5   0   1   0   0   0   0   0   71   0   74   0   0   0   0   178   0   1033   0   0   858   16   0   0   63   0   0   182   0   902   0   32   2172   43   0   19   0   475   352   17   5   0   0   0   35   0   1   0   0   0   0   0   4037   265   268   4   226   0   0   24   43   0   64   87   51   
0   0   0   0   0   0   0   4037   268   1150   0   0   0   0   0   0   0   2   0   1488   65   1497   0   0   2   0   0   0   323   0   28   5   0   14   734   0   0   309   22   0   9   8   0   0   0   0   0   212   0   0   0   468   0   0   0   9   0   0   28   0   0   0   0   24   32   0   0   0   0   0   0   9   408   0   0   108   0   0   7   0   0   0   0   0   0   0   123   289   0   0   26   13   1829   901   0   0   0   0   0   0   563   465   0   0   0   0   450   0   1   0   0   0   1   5   203   0   3023   0   205   0   
30   0   0   0   0   0   0   0   9   291   270   0   0   6   6   0   421   0   0   0   0   0   0   5   0   0   4   766   0   194   0   0   0   777   0   0   48   4237   0   0   1739   0   961   0   0   167   0   0   4116   559   0   173   0   429   0   0   0   0   407   0   0   0   36   120   0   133   0   19   0   883   0   1066   0   0   0   0   0   453   262   0   264   0   0   0   0   7665   0   0   26   0   0   0   0   37   152   0   0   111   761   0   0   54   0   0   0   0   0   0   603   0   0   522   0   843   0   107   0   0   1037   0   
979   1209   0   0   0   0   1796   0   0   0   529   2   0   256   4   265   0   13   0   0   0   4592   0   0   2353   4   0   651   0   0   0   0   1058   0   0   32   0   0   138   0   0   0   4   0   0   0   14   0   0   784   0   2   0   0   0   0   9   150   4116   0   0   0   0   0   150   0   0   0   0   0   0   0   0   690   134   230   0   8   60   0   0   163   0   0   44   0   3562   43   0   0   0   0   0   92   0   0   0   0   0   0   0   0   1796   49   0   0   46   371   0   301   291   5   0   0   0   18   6   0   12   0   
72   5   0   110   26   706   0   59   0   205   0   1265   0   0   0   8   1126   2   0   0   9   153   2353   0   374   48   0   457   0   0   1451   0   298   17433   108   46   0   0   0   0   0   0   270   907   19   0   0   0   3060   0   796   0   6   5   128   0   0   104   0   1739   883   0   0   0   0   347   0   9   0   0   14   1183   0   0   647   0   222   579   0   136   0   14   93   0   0   5206   1732   11   0   0   0   91   5   0   254   30   0   104   0   62   8   80   0   0   0   466   22   0   0   976   8   0   0   0   8872   26   480   49   10539   0   
0   549   0   374   883   152   331   3   0   0   0   0   563   0   0   276   515   0   0   100   107   254   0   172   0   0   2   0   0   218   133   0   374   670   0   0   0   0   340   0   0   1531   0   262   0   0   42   185   0   101   0   266   0   0   0   183   133   0   0   0   1   0   0   0   0   16   457   0   54   498   0   0   0   0   874   0   569   0   0   0   2   0   1   1150   15   0   0   28   9   104   309   17   0   50   0   817   0   0   0   0   0   0   17   0   0   0   156   90   28   0   13   0   16   0   746   85   0   498   0   0   
85   3060   874   0   0   0   56   0   1829   637   1033   0   0   1531   0   72   21   124   0   62   0   222   0   0   118   0   0   0   0   6231   827   0   308   0   0   68   70   4850   0   796   0   2172   0   4   3   0   0   35   0   45   0   0   0   329   579   0   176   0   37   165   212   883   9   5   0   822   4   0   0   100   0   4   0   566   79   23   0   9733   2107   324   0   0   0   27   0   8   45   0   0   951   74   0   2   0   0   0   0   0   0   0   0   0   277   0   0   135   0   63   0   0   0   0   181   1727   269   0   1633   0   0   0   
0   0   0   51   0   0   0   59   19   48   12   0   0   0   0   0   0   0   0   36   12   208   50   0   0   171   0   0   0   0   0   0   0   0   98   0   60   0   1   0   690   0   1458   0   0   452   0   0   0   0   353   0   0   0   9   0   165   298   1058   32   0   465   8   0   0   0   0   0   43   0   0   46   804   48   0   62   5   20   453   25   440   8   35   0   0   858   0   230   0   0   227   3   43   137   0   0   11   0   0   0   0   0   1970   1802   139   0   71   85   0   460   65   6   0   0   0   46   0   0   0   3884   
0   0   0   0   155   5206   0   12   3   152   124   0   0   92   0   0   0   21   0   0   0   22   98   6   85   0   17   0   0   4   649   0   55   0   0   3814   30   0   362   0   0   167   298   0   0   118   3904   0   58   0   4   0   123   0   0   139   4850   0   0   0   15   0   153   329   0   0   2016   0   0   4013   12   0   0   2328   99   1   120   0   0   0   8   0   20793   4   2772   0   4   0   449   498   0   0   0   268   0   0   0   0   44   9   0   0   0   6231   0   0   37   400   9   0   0   26   0   874   71   0   0   0   0   18   
0   0   0   0   0   0   0   6   0   0   0   3940   1531   0   1268   5   3   20   9733   0   0   1023   0   12   449   0   0   2   1802   0   902   0   0   59   0   1017   270   230   0   0   6   0   65   83   22   0   38   8   5685   0   1164   0   0   0   0   0   0   0   465   33   7665   49   6231   325   0   5   0   0   254   0   0   0   0   2   25   52   933   0   14   421   0   23   1   0   1   0   0   2421   205   0   0   0   0   0   244   0   0   0   14   0   0   2   148   10   329   0   0   91   2   475   72   49   0   0   0   0   0   0   12   60   
0   0   0   3158   2   0   0   0   2353   0   440   0   0   2421   0   0   463   81   0   0   0   0   0   0   450   0   0   0   475   0   0   843   0   3   105   0   0   0   55   152   321   0   0   0   173   0   0   441   15   9   123   0   0   7   0   0   0   0   85   6340   0   2494   0   108   2368   0   1381   1265   80   0   0   0   4   4237   276   48   453   0   0   20793   166   5292   0   0   91   0   352   465   0   0   43   14264   28   128   6340   0   2715   0   12   533   14264   25   1829   385   0   0   0   208   1313   46   0   222   0   72   308   0   0   1338   0   46   
0   0   62   0   51   0   0   0   367   0   51   0   0   0   23   415   0   16   16   480   5685   0   6   0   855   14   28   0   117   1497   253   24   0   250   82   3   254   6   0   0   0   0   48   53   901   0   0   0   73   28   31   0   0   0   42   62   0   0   0   55   0   52   0   0   0   0   12   0   0   0   0   0   0   188   0   21   758   178   0   0   0   18   268   352   25   0   230   0   1732   0   0   3   30   0   0   0   15   0   0   0   1017   0   0   0   758   0   0   0   0   0   165   31   0   13   0   2172   0   0   1127   6   
0   15   0   0   194   65   0   0   90   50   79   80   0   0   0   0   0   32   48   0   207   5   0   28   0   1   0   0   0   112   0   4037   0   0   308   92   15   266   147   681   0   0   861   0   0   0   440   0   153   1497   0   0   0   0   0   8   0   0   0   0   0   113   7   0   104   5   0   0   0   0   480   3884   152   0   0   46   3   0   0   0   0   0   415   0   1150   0   0   0   0   0   0   0   0   89   100   78   0   368   0   1113   0   0   59   269   0   681   1154   8   0   0   182   0   0   0   3   0   0   0   112   0   
0   0   92   1   1738   36   921   73   0   0   0   0   0   52   13   0   0   0   861   42   0   0   0   0   19   0   49   0   0   0   0   670   133   0   0   50   0   0   2531   30   0   0   0   0   400   0   92   0   0   0   181   5292   266   0   0   0   46   0   0   1738   0   0   0   0   0   761   16   0   0   273   0   697   0   0   0   901   0   370   61   0   0   0   0   0   203   0   2060   1033   11   0   45   0   11846   0   758   0   0   76   0   0   28   0   0   100   0   0   0   0   0   0   41   291   0   0   0   157   100   60   185   0   
0   28   0   0   0   446   0   0   0   1732   0   0   0   0   533   0   0   44   822   113   0   107   0   0   0   0   0   172   0   84   0   961   0   178   0   0   0   0   0   140   0   43   0   0   0   0   0   1313   0   0   11   98   0   1531   450   0   0   976   148   0   989   212   0   30   222   0   0   0   51   0   0   45   0   0   0   0   29   3904   0   30   0   0   0   24   0   0   0   0   0   6340   0   16   15   2328   104   0   0   123   3   0   49   0   0   0   0   604   0   192   207   1164   452   0   3   7   0   0   0   0   0   0   
0   0   16   0   0   0   2   0   32   100   0   268   0   3814   9   0   2060   0   0   53   0   0   637   0   276   1   0   0   0   0   0   0   279   148   173   37   0   529   4   0   165   0   0   0   206   651   12   0   25   0   0   0   22   0   0   0   3144   0   1   0   0   181   529   460   4   0   0   3   0   0   0   0   1   460   327   56   42   1451   0   0   861   0   579   0   21   0   56   0   0   0   6334   2087   0   0   0   0   0   0   20   0   0   761   449   61   0   0   331   4084   2   0   603   0   0   0   0   0   82   0   0   2   
13   262   28   0   102   22   766   681   10282   256   0   0   1   0   0   0   0   0   41   0   0   0   32   166   133   0   0   0   845   0   0   32   0   1209   0   45   12   10   0   0   0   0   0   0   131   136   49   24   0   0   0   0   26   183   56   45   843   26   0   0   148   0   475   0   85   0   374   70   1931   8   0   0   0   0   329   468   0   374   1   176   0   458   0   12   0   137   0   29   5   0   0   10282   0   235   0   46   0   2715   0   102   124   0   559   0   36   0   0   43   52   1228   304   1   0   0   104   0   0   0   8   0   
0   0   0   0   89   0   0   14   91   2   262   1113   36   0   0   63   214   0   100   1543   0   0   28   15   0   0   291   10   31   822   0   185   0   80   6   583   450   0   26   0   21   506   0   0   4251   8   19   0   0   254   0   0   212   0   0   136   0   0   0   0   498   12   0   4   1796   0   0   453   104   637   0   0   23   0   1   0   0   6352   0   465   0   0   0   0   0   758   0   3   0   68   62   14264   4   309   0   0   0   0   3158   56   478   0   0   0   0   49   0   0   120   28   0   0   0   0   4084   0   0   9   0   0   
0   193   5   0   0   0   0   0   533   0   90   80   0   1183   5   1458   0   43   140   0   43   706   0   0   72   11   0   63   429   0   0   0   0   0   0   0   171   0   20   0   0   0   9   0   352   0   0   90   22   2172   385   58   0   0   796   0   137   0   1   0   4   15   71   0   0   0   0   0   128   0   0   0   0   0   0   0   453   0   94   1   0   2328   0   0   104   458   0   0   0   0   289   110   0   323   0   0   73   0   475   0   0   19   0   36   83   0   0   0   73   0   100   0   0   0   6   0   8   0   268   269   
0   1338   10539   0   0   0   0   0   0   0   0   0   4   0   353   0   0   0   0   0   0   0   0   10   368   152   0   0   28   4   0   0   28   131   0   0   15   1   78   804   902   20   0   30   0   4237   0   0   324   2   37   0   0   0   0   226   506   0   16   0   212   0   0   746   0   415   0   157   152   0   92   1078   256   0   0   1127   205   75   466   0   80   0   4084   0   154   0   549   0   0   0   0   0   665   0   0   71   146   0   0   0   0   0   0   28   0   62   0   0   0   0   0   0   167   0   102   936   0   441   22   16   
0   3   64   0   266   133   153   118   270   0   0   498   0   1031   22   138   0   25   0   0   0   0   41   440   1   0   0   0   32   0   0   2266   1254   266   0   0   91   803   117   6   449   0   309   270   746   0   6231   861   590   352   0   113   0   850   309   6231   4   11846   495   0   98   0   37   417   0   0   4013   63   0   1   9   0   0   302   0   40   0   0   0   58   0   0   0   43   0   0   0   0   0   0   0   0   0   0   0   0   32   0   0   0   14   2   0   0   100   2   453   56   0   0   133   0   0   171   1   64   46   0   0   457   
35   0   0   0   0   0   0   0   0   0   0   93   26   0   0   0   110   41   0   2159   21   0   11   0   5   0   0   0   0   0   0   0   0   0   43   22669   0   0   0   10   0   0   400   327   0   40   4   0   12   0   0   22   0   0   83   0   59   244   0   0   0   9   212   254   0   222   0   0   822   147   133   131   7   111   40   32   0   0   4   133   291   0   4   1   0   0   0   0   15   1633   0   0   10   0   74   0   1739   0   0   57   153   215   19   0   5   632   0   0   0   10   8872   0   6231   46   1127   0   0   0   250   0   
22   0   670   0   476   0   0   0   0   0   60   92   0   276   0   1150   0   123   13   0   3814   0   347   298   150   3046   12   0   141   0   1531   0   61   37   137   256   0   0   0   59   0   31   0   0   73   0   266   0   0   0   0   0   0   0   2172   7665   3904   0   58   0   0   0   0   62   0   0   56   0   58   12   291   11846   0   0   0   1   0   0   309   274   0   62   0   0   1   85   0   0   3   0   0   0   1164   0   27   0   0   0   0   0   0   0   0   670   179   152   1   0   453   566   2   926   0   36   0   15   0   38   9   0   
827   0   0   20   0   0   1   0   0   0   0   0   804   6231   0   0   0   0   0   20   0   0   8   83   28   83   0   28   480   0   0   0   46   0   90   0   0   203   14   0   907   0   5   0   1031   0   0   0   92   1727   0   0   12   1732   152   4   3940   0   150   0   0   0   279   265   222   0   10539   498   0   150   2   4   32   549   0   0   417   0   85   0   120   0   87   0   0   0   0   10   44   0   0   0   385   37   0   190   0   0   0   1   3   766   0   0   62   6   0   0   0   0   468   30   36   0   0   0   0   2   203   1531   
0   291   1   0   0   0   68   0   173   0   0   0   0   119   0   72   0   0   0   0   81   4   0   24   0   2087   0   0   21   1   17   0   87   1829   0   0   72   0   7   0   8   0   58   0   4292   40   87   0   6231   0   858   0   0   2421   0   559   0   0   0   0   24   71   0   3   0   0   0   0   0   0   49   0   25   0   19   0   0   0   0   0   0   0   0   0   0   0   0   0   4116   235   0   0   0   407   0   0   0   178   0   0   0   0   0   10   0   665   0   325   0   0   1738   0   0   0   0   0   0   0   0   110   
0   0   0   140   15   0   64   289   102   3   0   843   2   0   0   0   0   64   0   7   0   0   0   0   1436   62   0   0   353   0   0   0   0   8872   0   0   71   0   56   0   0   0   12   0   0   0   0   44   56   133   0   4251   6   0   59   0   0   0   92   0   1313   0   0   0   25   327   0   0   51   563   0   128   0   22   0   152   0   0   5384   0   0   0   4   0   0   35   1497   3   0   16   0   14264   0   12   0   0   0   0   0   0   0   17   0   0   0   0   263   845   10   734   0   0   0   0   0   12   0   0   0   0   
87   0   0   10539   0   6   0   20   0   19   0   6   0   1381   533   172   0   0   0   0   0   0   0   4   0   0   2317   0   0   933   0   0   25   3   5   0   31   97   0   230   176   0   0   0   8   331   0   8   100   0   0   0   0   0   2060   0   62   276   0   28   1796   0   804   71   68   0   0   0   0   0   0   0   0   0   1   73   0   0   1164   19   4037   0   0   0   276   0   0   0   3   0   0   15   205   0   4292   0   0   0   1017   961   10   651   21   446   0   94   268   0   429   148   0   0   0   253   0   0   0   0   0   0   
0   0   3   46   321   0   0   9   135   0   100   0   21   0   0   4592   0   153   0   0   70   0   0   309   10   0   171   207   47   0   10539   11   274   0   647   0   18   0   207   0   0   0   0   23   807   43   0   153   0   0   0   0   0   855   0   100   7   16   153   0   5   0   0   0   0   0   68   60   0   0   8   0   0   0   0   0   48   0   0   0   10   0   0   50   0   1739   0   0   0   9   15   308   5206   0   6   368   0   0   1183   0   0   214   0   0   266   46   0   44   0   690   0   1058   124   10   1031   0   95   0   10   0   
0   0   0   28   0   0   8   0   352   0   0   0   374   19   0   0   0   301   0   0   0   0   0   0   0   35   926   46   0   10   0   0   1017   460   0   49   0   0   0   102   0   0   0   0   0   0   32   16   104   0   0   105   0   0   91   6   449   10   845   0   0   324   450   0   0   185   15   0   120   49   2   0   0   0   0   0   266   166   1497   371   0   926   85   0   18   347   0   0   0   0   738   1381   0   46   0   0   0   12   171   205   222   0   107   95   2   1436   22669   4   118   0   58   0   179   74   974   0   177   0   3   38   
1   0   0   0   0   804   0   1269   21   0   1   0   0   3   0   0   2   352   0   0   385   0   2353   0   0   1684   70   0   0   0   302   123   0   1150   124   0   6   0   0   0   0   0   0   0   0   0   0   0   0   43   0   0   0   0   0   0   0   62   2   3441   2421   0   0   0   137   0   0   0   28   0   0   0   89   17   0   0   0   0   35   0   123   8   0   0   0   0   1   0   0   253   166   0   0   28   289   719   0   0   0   0   1000   0   0   2421   0   0   46   71   74   0   0   0   758   8   0   0   35   0   178   100   
0   0   0   0   0   0   0   79   3   18   38   0   0   0   0   0   827   2159   0   0   0   0   0   114   0   19   0   0   3441   0   0   0   5   16   0   0   0   10   0   0   0   4   0   0   0   152   0   12   172   0   107   0   3184   0   0   0   7   0   128   0   0   478   298   0   26   0   0   32   0   301   0   0   0   265   0   0   215   858   0   0   1058   0   105   0   46   0   0   19   29   1739   0   4   0   2531   0   0   112   30   0   1150   0   183   14   71   407   53   0   0   0   163   0   0   0   0   0   268   0   0   14   0   
0   176   1113   740   0   0   0   0   0   26   0   340   84   0   0   0   0   0   276   123   794   12   0   0   0   0   0   0   16   85   979   22   26   85   52   105   0   0   0   6231   480   0   0   14   0   16   0   0   185   0   1633   632   0   56   0   0   188   0   128   71   83   0   6231   95   0   254   0   0   2   0   0   0   2   0   55   0   0   0   559   0   0   0   119   0   0   376   102   15   3   2   12   0   0   47   0   0   0   0   0   289   108   6   6   0   498   0   22   0   1738   0   0   0   212   0   0   41   10   0   0   974   
0   0   2368   0   0   46   137   0   0   0   1   902   522   0   166   0   0   0   1   0   0   0   0   2   0   0   71   0   0   0   0   99   1931   0   3441   166   0   0   97   0   51   46   0   6340   1796   1   0   154   194   0   0   18   15   0   0   0   807   0   0   0   68   30   6   0   0   0   150   131   6352   394   0   0   0   28   0   302   0   0   0   329   0   0   0   0   0   87   0   0   0   0   4   0   0   1   13   0   101   0   0   0   0   46   0   0   0   104   0   22   37   0   36   0   107   0   0   156   0   10   16   3884   
0   921   215   475   45   254   0   0   0   0   155   495   84   0   9   0   0   0   139   0   15   353   0   263   0   0   0   0   46   17   1078   475   0   0   0   0   0   0   11846   0   349   0   1209   20   49   0   0   0   0   0   1531   0   0   0   0   8   0   0   0   446   0   0   0   18   8   0   0   0   0   0   0   256   0   0   0   0   0   0   0   579   0   0   0   276   16   6   309   0   41   0   265   31   16   265   0   1   10539   112   0   1   495   1   0   400   0   29   0   36   637   0   1488   0   0   0   0   266   1568   0   0   11259   
0   1   0   0   137   0   179   0   0   4   0   157   0   0   0   74   453   974   0   0   0   0   0   2421   0   194   0   18   0   91   0   0   0   0   0   2715   270   0   4   0   9   265   40   0   0   0   0   0   0   3441   0   590   0   921   3   0   559   331   0   0   14   118   0   0   0   0   467   0   0   19   3144   43   0   858   0   0   0   21   0   0   0   0   46   0   0   205   0   11   0   0   0   15   374   515   0   1031   0   25   0   429   7665   0   0   64   253   1338   0   0   0   0   3   0   0   0   0   0   49   0   0   0   
45   105   0   0   415   152   0   0   0   12   0   0   0   0   0   670   0   23   0   0   83   0   19   0   0   0   1   0   822   0   0   118   0   250   0   0   0   0   333   0   26   0   0   55   0   0   12   10   0   110   0   0   0   39   26   18   29   0   0   0   28   62   0   0   106   0   0   0   41   172   212   590   0   0   218   1   0   0   0   0   0   0   331   0   19   0   0   0   0   65   0   0   0   400   3   1   0   0   10   0   0   0   74   268   0   15   309   0   0   0   0   0   49   0   0   0   0   0   0   108   
0   19   0   133   0   0   296   0   23   126   649   0   0   0   71   0   0   463   0   0   0   26   38   590   2494   227   4   0   14524   0   8   0   0   0   0   1265   0   751   26   43   0   1   0   465   0   208   0   0   152   1   7   0   0   65   0   0   46   0   0   1058   1   23   118   1732   91   0   0   323   0   371   0   59   0   0   37   15   0   65   0   123   475   0   0   8   0   453   719   133   0   376   0   0   400   0   139   0   0   381   0   0   0   0   0   0   0   0   0   861   254   0   0   136   0   0   649   0   4037   1   18   0   
0   5   69   59   0   250   5292   0   0   85   0   0   0   0   133   0   41   92   119   0   0   0   1   270   0   0   0   0   0   85   0   0   0   0   0   92   0   0   119   177   0   475   0   6   0   0   0   0   3904   0   0   0   0   0   97   128   0   0   0   0   0   0   0   0   12   0   0   2   0   0   79   0   0   0   719   6   0   0   0   0   135   0   0   0   28   0   256   0   0   0   0   0   0   6   0   2   0   0   193   0   0   817   0   0   1458   0   0   123   13   0   0   0   0   0   0   0   385   56   0   0   
0   0   6340   6   0   468   79   262   146   15   63   0   0   0   0   0   0   0   0   0   0   0   0   0   921   0   166   0   347   0   0   0   12   0   0   0   0   0   0   2107   0   0   49   0   706   0   0   0   22   98   44   0   0   0   3144   0   9   83   0   63   0   0   0   0   13   0   0   0   0   0   0   114   0   0   101   0   0   0   0   0   207   0   0   0   0   1   309   19   0   22   0   51   0   450   0   0   1181   0   529   0   0   0   0   0   0   137   0   0   56   0   308   0   0   0   0   5   0   0   0   93   
0   8   0   3940   98   0   0   0   0   583   476   12   0   111   0   0   1   0   0   0   0   4   0   0   0   0   133   0   0   0   2107   0   1   29   0   362   0   827   0   0   32   0   883   0   1164   6   123   0   458   0   45   0   0   0   0   0   53   0   0   0   56   0   796   1313   0   0   0   134   0   40   108   0   0   632   0   0   0   0   0   0   4   71   0   495   0   0   0   0   309   0   42   0   28   0   15   89   0   0   0   0   2   71   0   0   119   88   0   855   41   0   0   0   48   9   0   172   0   4   49   308   
604   0   40   0   0   0   0   3046   52   0   0   100   0   0   2   32   637   123   0   92   102   0   0   0   0   0   457   0   0   0   14   0   1037   5   0   0   452   0   324   20   17   0   460   0   0   0   0   0   25   55   0   54   0   604   266   264   0   0   0   0   0   2   0   0   4   2   0   111   0   1313   0   0   0   861   3   24   0   83   269   0   9   0   46   5   0   0   0   0   0   80   4   936   72   23   0   0   268   0   0   0   83   0   0   0   0   1154   0   0   0   0   89   49   327   0   0   0   0   15   0   0   
0   0   65   14   0   16   0   603   0   0   56   0   0   0   68   0   2   0   1796   0   296   0   0   0   0   52   15   1   0   0   64   0   16   0   38   135   979   0   0   529   0   0   0   0   0   0   0   18   39   0   0   0   0   75   0   2531   0   78   0   1796   28   861   0   0   33   0   1   9   0   183   0   951   4084   0   0   0   0   0   0   0   48   0   0   224   649   0   0   60   400   0   1066   0   89   1531   0   308   0   104   296   751   506   56   6   0   458   0   176   0   1   0   48   0   71   0   0   0   0   0   0   5   
0   172   0   0   6   0   0   1   0   1451   0   0   740   15   205   0   0   0   0   101   0   0   0   17   1   0   0   2   0   16   1154   0   36   0   166   102   0   0   0   0   60   0   136   0   188   0   352   0   19   0   152   0   1   0   0   0   0   0   0   1033   0   193   48   171   1802   93   740   138   690   20   193   0   194   0   0   137   0   2772   0   0   3   0   92   0   0   0   0   0   0   79   0   1338   0   0   3060   8   0   0   807   0   0   5   0   0   0   0   0   0   70   56   0   256   603   0   0   0   5   0   0   91   
0   0   176   111   0   0   157   50   0   105   0   97   0   5   0   0   105   0   0   38   0   0   563   0   160   0   157   0   63   16   0   0   465   0   0   0   0   0   0   128   2159   0   0   0   22   0   1739   0   9   0   118   0   0   0   63   0   0   0   1265   1338   8   647   0   0   0   0   0   0   0   0   0   0   2060   50   4   0   0   738   0   0   8   58   0   0   10539   0   0   0   0   4   0   0   0   0   0   0   71   0   111   0   222   38   0   18   0   0   0   0   0   0   1633   0   0   0   1031   0   0   0   0   0   
0   0   2   0   400   0   217   0   91   0   0   1732   0   0   400   0   212   0   0   20   0   0   73   0   475   0   0   5   0   850   0   124   0   44   226   0   7   0   475   0   0   0   244   0   92   0   0   0   0   0   0   1150   0   0   14   559   321   32   2   0   0   327   0   0   0   0   0   0   0   0   777   0   0   0   0   31   53   8   3   11   0   0   28   0   0   0   0   0   0   0   0   0   0   0   0   1451   8   0   746   48   131   14   2715   421   0   0   0   6   0   0   0   87   55   0   0   10   0   0   0   173   
26   0   457   0   0   1   0   0   133   0   0   0   146   647   0   0   0   0   35   0   0   0   56   32   549   0   6352   0   46   0   0   10   0   0   440   0   0   0   0   1381   0   0   0   0   6334   951   0   0   0   28   41   193   0   138   2266   28   0   0   0   0   0   0   858   0   429   0   0   270   0   0   0   208   0   70   0   0   26   0   0   84   0   0   0   0   465   529   0   0   0   0   0   152   70   0   0   5384   0   11   38   17   0   0   0   21   0   0   0   0   0   270   0   10   0   3   0   0   0   235   0   0   
0   0   0   0   22   1568   65   0   0   55   0   0   111   0   2   0   119   0   113   0   0   38   9   0   0   40   0   0   1000   4850   0   719   0   0   0   0   0   0   0   0   0   0   0   0   62   153   16   0   181   0   0   1   0   0   0   0   0   0   376   0   0   1451   0   0   0   2   4   137   0   0   0   0   1164   0   0   69   0   0   0   0   0   0   0   0   1931   270   18   11259   1313   0   0   0   0   349   0   0   4   637   0   0   5206   0   100   0   23   0   0   0   0   751   0   0   36   9   0   12   0   0   534   15   
10   0   69   35   0   0   0   0   0   0   5384   298   0   68   91   1   106   0   506   205   6334   1127   0   0   0   0   0   6   376   0   0   0   21   0   0   0   0   1   1970   76   381   0   0   0   719   268   212   0   54   0   0   0   0   0   0   97   173   0   3   58   0   0   0   266   0   0   17   0   26   0   178   0   214   270   794   235   1829   0   0   4850   81   0   0   0   0   1023   0   0   0   58   6   69   0   0   0   0   0   522   0   0   40   0   0   0   6   71   0   26   0   12   0   1183   0   256   0   0   0   0   0   166   
62   0   0   0   0   110   14   1732   22669   49   0   400   0   0   0   0   0   590   183   59   761   407   50   71   0   14   0   207   35   0   133   2   9   0   1   0   352   256   0   20   296   0   0   0   91   0   3   0   0   0   902   0   277   0   0   291   0   0   68   1   0   0   0   936   0   1   11259   0   0   0   0   10   0   11846   604   0   1568   0   0   2   0   0   2   0   0   12   81   39   0   0   5   133   0   0   976   0   0   979   4292   0   23069   0   5   28   0   0   0   1154   0   0   65   0   0   421   0   0   0   0   0   1127   
0   0   124   0   0   4037   0   0   0   0   0   0   0   0   14   193   31   0   14   36   15   0   0   0   0   0   0   31   25   0   0   0   933   6   0   193   12   0   18   0   0   60   222   0   12   0   0   263   0   0   0   0   1   5685   0   53   0   0   1497   0   0   0   0   53   0   171   26   0   148   81   0   214   101   26   289   0   0   0   215   1313   0   0   277   0   141   8   0   0   38   0   0   0   107   253   0   0   0   0   0   0   3060   1   0   26   0   0   0   0   0   120   0   14   45   0   18   974   3   0   0   11   
0   0   0   0   73   166   70   504   0   0   14   0   0   2317   0   309   0   0   331   0   0   0   10   4292   1154   0   0   26   0   11   0   4292   0   9   817   133   8   719   0   440   6   10282   0   215   569   0   41   0   504   784   2368   850   0   43   0   0   48   0   235   468   0   0   321   123   0   475   0   59   0   874   0   0   0   58   0   41   37   0   0   0   803   321   270   0   0   0   0   0   0   0   0   0   0   8   0   0   0   0   1   2266   0   0   0   0   979   0   0   70   0   59   0   0   1531   0   2087   0   0   8872   1023   0   
0   0   0   0   0   0   18   0   0   0   2328   0   0   5685   0   0   5   0   0   0   0   0   0   0   352   0   0   0   0   0   4013   0   0   0   60   0   0   0   128   123   0   14   0   0   0   38   240   185   55   0   0   0   53   861   14264   0   0   0   0   0   273   845   0   185   0   2087   0   0   1931   222   59   0   0   0   0   10   0   376   465   46   0   0   0   0   0   0   0   0   0   466   0   0   51   102   0   347   0   0   0   8   0   0   475   0   8   0   74   2531   4084   0   0   0   106   0   13   0   78   5   504   761   
0   0   0   28   0   43   480   0   12   152   84   203   177   0   104   0   0   467   3046   0   0   10   0   0   0   0   371   276   153   4292   0   0   475   1   0   23069   0   126   296   0   126   0   936   2368   352   99   0   167   457   190   268   0   10539   0   0   5   0   0   0   0   385   0   104   160   0   0   0   0   0   0   374   7665   133   0   105   0   0   4850   0   0   0   12   352   0   71   0   0   0   0   133   54   97   0   0   0   26   0   0   0   0   0   0   0   0   55   178   0   0   0   0   0   0   0   0   0   0   0   0   59   80   
0   0   53   0   0   29   0   5292   0   154   0   0   2107   0   22   0   0   32   0   0   0   0   5   28   8   1126   0   0   212   460   0   0   0   3   0   0   224   11   0   0   1209   0   0   0   43   0   0   0   208   0   0   1150   10   38   0   100   0   0   5384   0   0   4850   936   435   21   603   0   254   171   0   0   212   23069   26   0   0   279   0   128   0   41   0   0   28   0   0   1829   0   177   0   0   0   0   0   529   480   0   6352   0   12   9   8   0   89   1   0   92   432   0   0   1269   101   4   376   63   0   9   212   119   0   
0   0   0   0   0   0   0   0   0   298   41   0   0   47   758   0   20   0   52   0   0   0   0   64   0   52   0   0   12   0   0   719   2494   0   14   0   0   87   0   578   0   309   0   0   2   0   212   446   0   0   6   14   87   22   0   36   262   0   0   0   0   0   0   0   0   0   0   0   10539   504   89   0   0   0   0   0   134   16   0   36   803   0   48   218   0   0   0   35   0   0   0   0   147   0   0   140   10   0   0   0   0   0   32   0   0   0   74   0   23   14   9   0   0   0   0   0   0   0   37   0   
20   301   0   188   0   0   0   44   0   0   0   0   1066   276   457   0   8   0   362   0   0   0   1037   0   0   0   0   0   14   0   68   173   0   0   0   0   6231   0   0   0   0   176   0   0   0   0   0   6   400   91   0   13   10   104   0   0   11   8   0   24   0   0   80   120   0   0   0   0   0   0   81   0   0   0   0   0   23   5292   0   0   0   0   758   1568   0   0   0   163   0   1   273   222   1732   120   60   2   71   16   0   1531   0   0   0   50   0   0   0   6   0   0   0   0   14   0   102   29   91   0   0   289   
0   0   0   0   1   99   0   0   2   0   0   0   0   0   784   81   21   0   0   11   0   12   118   0   0   706   46   104   38   0   0   0   0   0   182   4850   0   0   6340   0   534   0   0   0   0   0   182   0   0   0   0   0   22   35   0   478   0   2   0   165   22   0   1497   178   0   48   302   0   0   79   0   113   0   263   0   44   0   0   45   0   0   188   16   0   0   0   0   5   0   0   0   0   0   478   0   217   0   308   0   0   0   0   4   0   0   0   0   0   0   4   0   0   738   0   324   0   114   3   0   0   
0   0   0   0   59   0   0   150   0   207   22   0   0   0   429   49   0   0   157   1268   0   40   0   578   0   2   16   0   111   0   10   0   0   0   0   0   37   0   0   0   3562   0   10   0   0   91   0   0   861   266   0   276   979   56   0   0   855   111   0   3   407   0   0   0   0   0   0   0   37   15   0   9   0   1   0   0   0   0   0   107   8   632   0   69   3   0   0   16   0   8   0   194   466   3   0   2   0   2   0   2531   0   0   0   19   0   697   590   0   0   0   123   0   0   21   118   0   0   56   58   0   
6231   0   0   63   0   0   0   0   253   76   0   69   0   10   0   0   1   0   178   139   0   0   0   0   0   0   0   0   58   14   0   0   117   0   0   0   746   0   90   0   0   0   80   0   44   0   0   0   0   0   1037   0   0   0   0   0   0   0   0   43   0   681   0   0   0   0   0   0   0   291   205   0   8   0   0   2   0   3060   0   0   0   0   3   0   0   2266   4116   0   0   0   46   160   0   7   0   0   0   0   0   0   331   92   64   0   0   0   92   3441   0   0   0   0   0   2159   0   0   4   0   5   0   
152   0   0   71   0   6   0   0   0   0   23   0   0   407   146   0   118   0   0   14524   0   0   45   273   0   68   0   0   9   21   0   1381   0   0   0   0   309   0   1684   0   796   0   100   19   0   0   58   0   0   415   0   0   0   0   0   0   133   0   0   266   0   0   0   0   0   35   2772   8   19   0   0   467   0   0   0   166   72   0   0   83   794   0   16   15   845   0   0   807   0   70   156   0   126   0   0   777   3   5   883   0   0   0   0   0   0   9   0   10   0   0   0   807   0   0   0   843   690   0   0   0   
0   0   796   0   463   171   0   38   266   53   123   0   104   0   0   0   0   266   93   42   0   0   352   0   48   6231   0   0   3023   171   0   0   0   0   19   0   0   0   0   8   0   301   8   385   0   190   325   0   0   0   60   309   2087   123   0   0   29   0   15   0   0   0   230   230   861   4251   0   0   0   0   0   131   73   0   0   0   0   0   0   0   0   0   0   0   0   3   0   0   0   85   3940   3562   0   0   0   262   0   0   0   0   0   441   1209   0   0   0   146   0   0   0   212   0   0   58   0   0   0   2   665   0   
0   0   0   0   324   6   105   0   176   0   0   83   12   65   0   0   0   0   1   450   0   193   203   5   0   16   289   408   0   16   0   0   864   0   0   8   2715   0   0   30   1   217   190   331   0   0   0   10   269   0   2772   2531   0   0   0   0   0   265   0   0   498   0   0   0   309   515   0   0   1488   0   0   0   0   0   0   440   0   0   18   0   108   43   0   0   62   0   88   0   0   0   62   87   0   0   0   0   0   976   0   23   17433   0   36   53   48   0   0   14   0   324   112   8   0   6   0   0   4013   0   0   0   
0   0   0   0   133   0   74   0   0   100   0   0   0   0   99   0   44   0   0   268   1   3   30   0   0   0   208   10   1269   0   28   44   0   0   0   0   0   0   0   107   1268   0   0   5685   0   1000   46   15   0   0   166   515   0   0   24   206   466   128   0   0   0   0   0   766   37   0   0   0   0   0   923   0   0   1   0   147   0   250   0   0   353   0   0   0   463   8   0   0   0   0   0   0   3562   8   0   0   974   0   0   0   0   10   0   0   0   0   28   0   0   22   0   0   13   0   0   0   154   0   296   32   
0   73   0   855   153   0   0   0   0   3814   325   268   400   0   0   0   0   0   0   1531   0   0   0   0   177   400   0   0   95   0   0   104   0   0   52   32   22   0   0   0   0   861   50   0   24   0   0   0   5   0   0   0   44   0   1017   534   0   989   0   65   301   0   0   0   188   0   62   1037   0   0   0   0   16   0   37   0   104   327   25   0   72   53   0   0   28   250   452   0   0   308   0   0   0   14524   253   133   173   0   0   0   0   0   0   0   0   0   0   12   0   156   0   549   0   0   4   0   0   0   0   185   
153   10   0   0   0   0   0   71   0   9   0   0   46   0   20   0   0   1   4   0   0   579   0   0   0   0   0   0   0   11   4   0   0   0   2016   0   0   0   0   30   59   0   10   269   0   147   0   0   0   0   0   0   1268   12   0   0   105   23   0   0   0   0   99   0   0   0   0   41   0   1023   179   0   0   0   549   6   264   0   0   0   0   0   0   85   72   0   188   0   0   41   0   0   5206   98   26   0   0   1338   0   0   0   515   6   0   0   0   0   8   0   0   0   52   0   2772   0   93   43   0   0   166   
0   0   99   266   114   0   18   128   0   12   30   0   1727   46   26   188   156   101   0   0   107   0   0   0   0   218   0   64   2   0   28   5   435   0   0   2   0   0   0   36   690   0   0   2   0   179   301   0   352   17433   5   0   0   0   670   0   0   9   43   62   0   0   0   182   206   0   0   0   0   0   0   301   746   0   0   0   57   0   10   921   989   0   0   0   0   0   0   92   0   0   0   0   0   0   0   0   61   0   0   0   12   163   0   25   0   4   0   5   0   28   0   0   100   0   264   21   0   63   0   0   
0   0   0   0   2421   0   0   148   256   0   139   0   0   0   0   0   529   0   32   637   0   902   0   208   0   62   18   0   94   0   153   0   117   4   951   0   0   0   0   74   14   0   0   0   331   0   0   0   0   0   0   6340   0   0   172   62   23069   0   22   0   0   185   148   0   0   0   0   0   0   0   101   0   2159   0   0   0   91   0   0   2531   0   133   0   0   61   0   874   222   0   0   56   0   178   21   504   0   51   0   0   0   21   69   0   0   148   3441   166   46   0   0   0   0   26   0   0   0   0   0   0   0   
0   0   0   0   62   0   381   3562   80   50   0   49   4084   0   0   3   0   270   0   0   110   0   268   0   0   5   0   0   16   268   0   0   0   0   400   31   0   0   0   183   17   0   0   0   3   0   0   0   407   0   0   0   48   212   0   0   0   0   226   92   59   0   0   40   0   2   2317   0   101   0   649   6   0   0   0   0   0   0   0   0   0   277   0   0   0   0   3144   8   0   0   0   321   0   0   0   0   1436   0   0   0   0   0   0   495   0   52   0   4251   108   7665   0   0   0   172   0   63   0   3060   0   0   
49   6   30   301   0   0   0   0   5   0   9   37   54   0   0   0   42   46   0   0   0   60   0   0   0   0   2494   24   32   71   0   0   0   7   0   0   0   0   5292   2   0   292   0   0   0   0   0   0   0   0   0   0   0   0   68   0   71   0   0   212   171   0   7   0   0   301   171   18   0   0   0   0   0   0   0   0   2   157   138   11   0   0   0   49   0   0   0   99   205   850   0   110   475   0   450   56   0   0   0   0   0   453   0   36   74   0   0   0   0   0   0   0   1   0   0   0   0   0   0   31   
3060   0   2016   0   26   21   0   226   1   0   0   0   0   178   4   171   4   0   649   1017   0   429   1   152   468   0   68   0   157   0   171   0   0   0   111   0   32   0   10   0   39   0   1970   102   0   0   266   9   0   178   0   0   0   0   4850   0   0   0   102   1   92   529   91   0   289   203   803   0   0   0   0   1727   0   0   0   0   0   0   20   0   0   2   0   9   105   0   23   923   0   9   0   0   68   131   17   0   0   0   0   2016   0   647   0   0   17433   1268   0   0   193   0   0   0   9   0   0   0   884   33   0   0   
0   0   0   0   176   0   0   0   22   0   79   179   0   23   100   7   0   0   0   133   0   0   0   0   0   0   0   9   0   0   0   0   0   30   1   0   0   119   14   5292   2317   0   0   0   4   0   0   0   0   0   0   32   55   60   0   0   0   2159   632   0   0   0   291   0   0   0   155   1543   32   0   0   0   0   3   2   843   6   1   82   0   0   807   68   0   0   0   41   0   0   2353   0   262   0   0   0   0   39   2368   0   0   529   0   0   157   0   52   0   19   0   0   0   0   6   0   266   0   0   32   0   0   
368   0   28   367   0   0   40   226   0   268   50   0   5   0   0   0   408   0   62   0   0   3184   0   0   5   559   49   0   0   85   0   0   0   0   139   0   163   522   1   0   0   0   0   9   0   0   0   16   0   0   1037   41   0   1633   0   0   0   1   1   0   0   1497   0   0   0   0   855   10   0   0   0   100   0   0   167   12   0   17   266   0   0   0   46   0   0   21   52   62   0   166   8   0   166   0   19   0   0   148   46   29   10   0   0   0   719   0   0   150   0   80   0   463   173   58   0   0   0   3   56   0   
0   276   14   381   0   504   0   1451   0   0   214   0   2   0   254   0   40   0   63   0   68   0   0   1568   140   105   149   135   16   0   0   4237   0   850   0   0   0   0   0   4   19   0   5206   0   0   0   0   32   75   46   376   0   566   2060   0   845   0   166   495   0   0   30   697   11846   0   5384   0   0   0   0   59   0   38   0   46   0   0   590   0   69   51   864   0   0   1   0   0   30   766   0   0   0   0   0   262   0   41   22   266   0   0   15   13   0   172   3   0   0   0   0   0   0   0   0   0   0   751   0   0   0   
1183   449   706   2   0   61   10   82   0   974   0   5   3   417   0   16   10539   0   0   0   0   0   0   8   843   3046   0   178   0   279   0   0   119   1   100   224   2   0   0   1   15   91   111   71   0   0   522   0   0   0   738   23069   0   0   11846   796   0   85   17   0   179   0   766   15   0   0   0   15   0   83   0   131   118   0   4116   0   0   4037   4   0   0   107   0   0   0   0   0   4084   452   11   0   173   0   0   0   450   0   20   0   68   85   0   1802   291   0   0   0   0   4850   0   3884   0   0   0   0   190   0   0   0   0   
0   24   0   107   0   6   12   0   0   30   0   178   136   0   0   3562   25   0   0   0   31   0   0   0   2715   108   108   1   0   0   0   0   1829   0   269   10539   0   0   0   0   156   0   59   533   0   0   11   3814   0   156   0   936   0   0   0   0   0   0   0   0   0   0   30   933   113   0   0   0   0   400   0   0   352   0   435   2   9   0   206   951   0   2715   0   0   0   0   0   0   0   0   0   453   3904   0   0   14   173   308   0   69   108   0   0   39   26   5   1543   9   0   0   0   22   0   31   15   0   0   533   16   0   
