110
0   0   0   1   0   0   0   0   0   5026   0   86   0   56   0   11   61   11   90   363   846   563   0   0   612   419   0   17   0   0   51   0   0   0   0   3474   62   0   0   937   0   79   0   114   6281   68   0   15   344   83   0   0   3   0   0   19   9   831   5   0   138   0   379   0   0   0   0   8   0   14   0   13240   710   31   0   8   0   875   1   0   142   0   1   178   86   4   0   0   23   0   0   0   18   0   0   52   0   0   3   94   0   0   174   0   0   5621   0   33   400   100   
221   0   0   0   0   26   0   0   2   0   0   0   9   17   16   0   35   0   0   3   0   0   0   52   0   0   0   304   30   31   53   24   992   0   0   334   57   48   0   51   2006   41   0   46   0   0   0   0   0   0   0   0   0   33   4283   0   0   23   786   0   0   219   0   151   0   0   41   0   0   0   9   0   143   0   356   0   405   41   223   178   40   0   7   0   14   258   0   78   0   36   0   197   15   0   1048   0   0   339   0   955   0   39   1   0   0   293   18   0   52   0   
77   1   0   0   0   43   556   1454   0   0   0   0   0   0   14   8   0   38   0   0   0   0   0   142   3   0   231   1   0   0   8   0   16   0   0   0   0   86   0   17   110   0   5867   0   398   203   8   38   58   0   93   112   308   78   199   0   320   1   0   104   0   4   52   90   0   275   40   573   0   0   0   0   37   0   0   0   2   0   33   0   0   0   0   0   0   0   62   1138   2   0   12   0   32   171   22   268   0   2   24   88   379   41   12   0   0   0   0   0   0   0   
0   19   0   0   16   282   0   0   0   0   0   22   1   0   4   0   5867   0   1   0   0   0   0   0   0   80   0   142   3   295   0   0   0   20   0   0   358   0   34   0   0   0   0   0   0   11   0   0   0   0   0   0   0   379   0   0   637   9   1641   405   0   0   0   69   0   599   0   0   0   0   334   1294   222   99   392   0   0   17   0   0   0   0   0   0   0   3278   0   37   0   8905   122   3   17   0   0   2   0   0   0   6825   213   90   0   155   1   308   9   6825   93   0   
605   0   20   0   0   0   189   4   0   170   0   786   177   0   0   0   0   0   0   158   23   363   0   22   33   0   2585   17   0   0   0   0   0   0   0   0   53   0   0   0   0   31   0   3   1498   0   0   28   0   1772   0   0   0   17   1022   26   0   6   0   0   121   1291   0   323   0   0   620   0   358   1606   0   0   0   0   60   9   0   0   0   0   607   0   9   0   16   0   108   0   681   0   7   0   39   67   110   2   24   6   0   0   0   152   0   0   0   2   0   15   647   6   
0   65   0   0   0   0   1   106   0   106   0   0   0   0   707   0   793   0   0   0   0   0   660   108   16   0   0   43   0   0   17   2   278   0   14   44   0   0   0   0   0   4   3   0   401   15   0   0   0   0   0   11   0   0   935   172   0   0   40   0   158   0   84   2006   97   3   13   0   19   0   122   0   17765   35   0   200   99   8   0   93   0   239   2261   0   0   0   0   0   1   52   55   0   82   0   0   15   204   1898   1067   223   0   0   13240   0   0   14   3   44   5470   0   
43   0   0   0   0   0   0   0   0   249   0   0   285   0   21   3   0   24   0   0   144   38   0   0   185   0   0   1062   0   0   0   0   333   2231   0   0   0   34   0   0   0   44   10733   99   0   0   1015   4   0   0   0   0   0   0   51   22   0   0   0   0   3474   107   0   0   0   0   268   0   0   0   652   12   20   0   0   0   269   595   0   0   0   0   253   0   0   235   1187   151   0   36   204   60   3   2248   0   0   0   0   0   0   93   2   15   0   0   0   0   0   2   0   
90   336   0   0   0   0   1772   0   55   0   74   90   0   14   14   0   955   0   0   8   0   0   1733   48   0   0   45   0   174   0   0   258   0   0   350   0   13   0   40   14   60   110   0   0   0   3   88   1291   0   0   0   303   0   0   0   56   239   0   327   274   0   2   0   1498   0   21   143   46   8   29   0   170   0   0   0   15   0   320   392   708   0   0   15   0   84   1124   116   115   8645   612   166   0   2   404   2   0   23   0   91   0   0   0   0   1048   0   121   765   0   9   0   
0   0   32   0   0   1   1   9   0   0   0   0   31   5   0   0   0   0   0   62   0   137   344   0   0   44   0   82   0   53   0   0   45   955   0   0   143   679   80   0   0   4   0   0   0   1438   0   595   99   44   0   0   0   0   1043   0   20   0   0   0   189   7   0   1874   0   0   14561   0   56   258   0   77   0   0   0   0   0   6   400   0   0   74   0   5   180   37   0   40   27   0   0   52   0   0   0   282   419   0   4   0   0   85   142   25   0   343   68   0   144   0   
336   13   0   0   0   0   60   0   0   0   8276   9   0   630   0   33   16   0   168   0   0   153   4   77   171   9   0   0   0   83   0   1   192   0   0   555   1   4113   200   0   0   0   400   0   0   0   0   20   2   0   0   320   67   0   0   0   319   0   3479   199   0   30   0   0   104   1048   0   573   846   28   0   0   0   0   0   11   0   171   201   0   33   0   0   81   0   122   0   0   0   0   310   22   0   0   0   0   0   2789   0   0   144   0   78   3   20   95   0   99   600   77   
239   0   309   0   0   0   0   0   1562   332   0   21   31   0   530   309   0   8   0   72   2005   0   0   4276   35   843   47   28   11   0   0   8   189   0   0   12   25   0   0   5470   0   141   53   15   415   5470   0   0   0   16   0   3   0   0   0   0   6   0   0   178   0   21   0   0   112   0   10   0   0   12   0   0   226   12   52   0   0   0   0   0   12   100   0   158   22   258   0   216   40   0   1401   47   0   36   119   0   490   0   0   0   708   27   0   14   7   11   401   33   0   10   
223   20   0   8   34   0   0   0   0   0   0   0   6   0   0   0   0   6   0   0   0   0   0   6   2   0   5621   41   0   0   59   335   2006   0   0   0   8306   47   249   4   27   0   27   1   35   0   62   99   30   59   623   398   0   350   0   0   0   8181   0   7576   0   45   1606   122   0   6   0   3   0   82   276   0   276   0   1   3   110   0   0   0   0   0   192   0   274   222   0   116   278   0   0   273   0   166   0   9   3182   0   0   0   344   0   0   0   0   0   0   171   1043   3   
595   6825   9   859   26   6   529   100   0   0   80   0   0   0   0   577   112   0   14   4   1   0   110   0   1   5   0   768   0   49   0   0   0   47   0   0   0   0   0   7   0   0   7   0   0   28   0   0   0   33   0   0   39   400   0   0   2   0   0   0   158   9   0   119   6281   2299   0   198   0   0   0   0   0   1   0   24   0   122   51   0   0   0   0   0   0   0   0   0   0   0   0   0   0   23   0   0   0   0   0   6   86   0   3   36   0   84   0   0   0   0   
0   0   0   1   1401   5048   0   18   0   0   0   0   334   0   0   0   78   0   137   3   0   0   0   0   46   1213   4   9   0   0   99   55   0   165   221   0   88   0   0   0   0   44   875   0   0   0   0   95   0   151   35   4   0   0   0   304   0   0   0   0   243   0   457   0   797   0   0   404   47   0   0   0   0   18   490   0   0   1   278   198   1874   0   266   0   0   0   0   0   0   0   82   0   213   0   85   0   26   32   239   0   0   0   0   0   1   0   0   0   0   0   
124   0   0   258   32   4   18   323   0   0   0   1741   0   0   0   0   0   0   0   0   259   0   0   0   419   48   0   1   43   0   0   74   0   32   268   144   0   0   12   0   0   0   0   41   0   49064   0   0   85   0   0   0   0   20   18   0   0   0   0   0   1   0   0   0   249   0   0   117   138   0   22   59   0   0   85   1595   0   0   0   0   2   188   17   0   6161   0   41   0   0   0   0   0   0   0   4   0   0   0   45   11   0   471   78   7   243   0   0   843   19   16   
1048   0   41   16   1741   52   0   955   188   0   32   0   15   0   0   0   177   41   0   0   0   0   0   84   0   323   95   0   128   684   0   62   0   3   268   2   0   17   80   2   2006   5   0   0   0   0   97   67   0   0   0   45   85   0   0   2   0   0   210   0   309   165   0   197   0   519   210   0   47   178   334   0   2006   56   36   135   0   0   0   0   803   53   0   27   0   0   0   0   12   141   0   0   195   0   144   64   0   2772   12   1124   156   8   195   0   0   0   0   106   0   18   
1   0   0   0   0   0   603   189   0   78   0   113   276   0   0   2   0   0   0   93   79   79   67   108   0   0   31   17765   568   2   0   0   0   0   211   0   122   0   0   216   0   0   0   0   87   0   15   0   2   633   31   0   178   249   6   106   0   168   1641   82   12   142   17065   0   3   0   467   178   363   17065   0   0   0   704   0   4   0   2544   327   0   249   0   0   0   21   0   198   0   0   8   0   17   0   0   0   0   0   0   350   0   32   0   108   0   177   35   0   0   0   0   
10   0   0   56   27   144   0   0   0   0   99   0   14   0   793   0   0   0   5867   0   170   0   1   0   0   5026   8   0   0   0   2544   0   206   15   1801   0   0   0   93   0   0   236   0   0   77   24   122   0   0   0   0   4   0   350   0   82   4   0   0   0   28   304   38   4   0   70   0   0   0   216   0   0   235   2441   44   0   8   22   0   155   0   0   2006   19   0   0   0   2   246   3   0   0   0   20   34   0   2   56   177   1801   0   91   0   712   0   0   123   16   1   0   
41   276   0   0   6   0   0   0   0   220   666   83   189   0   0   0   0   0   0   0   320   13   15   0   0   0   0   11   1   0   0   0   0   48   0   0   7714   88   500   461   0   0   88   0   303   9   0   25   0   0   0   0   0   0   0   0   633   0   258   0   0   0   171   0   216   2   744   0   0   288   0   49064   195   0   0   2   0   744   624   0   404   0   0   603   36   1093   310   68   0   0   0   0   0   0   36   467   20   168   26   0   5   5   0   0   0   1   0   0   0   0   
33   0   9   0   637   0   3   2   326   27   0   0   0   27   3   0   0   79   0   0   0   480   2850   0   0   0   0   81   0   0   0   0   0   0   0   189   0   0   0   786   652   173   0   60   0   0   0   0   6   568   0   0   0   0   106   288   0   56   187   0   7   0   0   44   684   0   0   0   666   1294   236   0   0   0   0   0   47   380   1   20   11   0   106   99   0   0   0   0   0   0   11   0   36   189   0   8   93   34   0   0   0   0   0   65   33   0   203   31   0   0   
0   404   15   243   0   0   0   52   0   0   17   1566   44   30   0   0   0   336   0   0   0   57   557   28   0   708   178   250   0   1   0   0   32   97   0   2   0   0   1124   0   6   0   65   0   18   0   2   67   84   0   2006   0   0   0   0   0   0   1   0   0   0   0   2231   0   3   400   84   0   0   0   78   0   0   0   0   106   0   0   31   53   0   0   2772   0   1124   39   180   0   53   0   0   0   13   0   0   0   0   0   223   0   0   0   72   0   0   0   0   0   139   603   
93   0   13   0   35   183   0   0   556   3709   0   0   0   43   84   142   3   0   0   0   35   0   0   1   11   259   0   2   0   0   0   0   0   0   0   228   15   258   96   0   0   0   0   8   8306   0   955   0   0   0   180   0   0   0   4   8   344   0   0   305   0   0   1595   2   0   307   62   612   24   12   0   0   0   0   310   310   17   0   0   26   0   0   660   0   14   0   0   0   1213   0   0   0   93   3   7   0   18   0   27   0   0   0   22   37   13   0   197   0   0   0   
0   647   9   0   3   303   2772   40   1   79   0   0   6   335   0   0   80   15   0   2   0   0   0   356   2006   0   106   0   2237   0   9   0   0   0   36   5470   0   3002   0   0   2299   647   148   0   0   0   336   0   148   0   142   0   236   0   4   0   0   91   0   2299   1587   0   108   5   17   0   595   131   0   0   1   3   0   0   0   71   20   0   3   332   0   0   0   0   41   304   3002   29   52   8   62   59   53   0   0   0   0   11   0   0   630   0   16   13   197   22   1015   0   0   0   
0   0   0   3   99   173   0   0   0   0   0   51   0   0   0   0   2   0   250   0   3278   134   41   0   700   88   0   0   0   0   0   32   27   0   0   0   0   616   0   38   40   0   2005   62   881   4   1741   0   0   0   34   0   0   2   0   0   0   326   0   265   36   0   205   0   188   2005   90   3   0   32   243   2   1294   0   2248   0   2   0   249   652   0   0   0   0   67   0   0   0   803   620   15   0   0   0   0   0   0   0   0   45   0   0   0   1   0   647   0   0   35   0   
0   0   0   122   0   0   0   99   6   0   0   15622   0   0   1   90   0   0   181   1   1138   273   0   110   0   0   0   38   4   16   2195   3   0   16   0   36   17   0   0   0   60   0   0   9   249   323   0   519   106   1048   497   0   57   0   408   0   0   80   0   0   0   0   11   607   373   0   0   0   0   3806   6   0   0   0   6281   4113   0   9   0   0   88   0   0   0   0   0   327   11   0   0   0   7   249   3709   200   0   43   0   0   0   0   0   0   700   4   0   0   0   0   0   
0   0   28   86   0   18   0   6   0   67   26   0   5   0   0   0   0   0   0   937   6   0   0   56   708   0   1   0   0   0   253   13   12   6281   0   0   112   0   41   59   0   1606   0   0   323   0   7071   0   0   0   0   0   0   0   0   0   0   320   0   0   0   555   0   0   0   0   151   14   27   108   22   323   11   0   0   34   0   0   207   0   2   0   384   0   768   0   0   3   471   0   119   0   0   20   0   0   3479   47   0   59   304   624   0   0   2   43   0   0   0   0   
0   124   6   34   335   0   0   0   0   0   8905   0   0   107   142   3   0   0   0   24   0   0   0   8306   177   9   0   0   0   0   0   0   0   0   0   0   0   0   211   0   0   0   320   0   0   633   58   0   55   0   0   344   0   88   335   4   307   0   0   0   0   2   0   0   0   0   0   0   0   6   83   53   2   0   47   1772   400   0   278   0   17   49   0   0   0   0   0   49   2   0   4   599   5401   72   0   45   1   304   249   44   12   90   0   0   99   65   0   5   13   0   
0   751   0   0   0   0   4   0   0   29   0   0   0   226   0   61   0   0   0   0   34   0   195   3806   30   37   15   0   0   0   0   15   202   557   1048   0   0   31   0   0   480   0   3182   0   0   51   0   0   79   0   0   5304   11   0   0   0   0   0   23   0   0   9   0   43   0   0   24   0   323   356   0   1431   292   624   78   0   0   26   9   3   0   0   0   0   0   0   108   0   1093   0   171   0   0   0   276   107   6825   0   0   3002   23   35   0   58   0   0   5   24   48   4   
0   133   133   55   0   10   3   0   356   4283   336   0   82   3   0   955   62   0   0   192   0   47   37   0   142   0   75   17   0   0   0   4569   831   0   3   0   0   4   0   577   32   0   0   0   0   0   0   59   0   0   142   15   93   0   0   2   0   2585   415   0   1067   490   0   0   14   0   0   0   0   0   0   0   0   62   0   0   210   0   556   0   0   0   0   326   0   0   0   0   2   0   28   0   17765   0   128   35   0   0   144   0   0   0   0   0   9   603   0   59   0   0   
127   0   0   65   43   0   0   1   30   0   0   0   67   41   164   0   187   46   0   0   217   2   79   6   1401   0   181   0   108   0   46   70   48   0   2006   0   6   185   3   0   0   18   0   0   45   1163   0   0   497   0   623   0   0   0   0   0   0   471   0   0   0   0   0   0   0   0   88   529   139   1   2018   0   2   831   0   0   207   0   0   1   0   0   607   0   93   84   0   433   18   7   7   0   43   0   0   0   99   53   0   0   0   88   133   0   36   3   40   11   0   0   
60   144   0   0   27   0   0   0   0   2   0   11   70   0   0   0   0   17   0   0   623   0   0   0   9   334   0   0   1213   0   0   177   158   419   0   18   0   0   0   195   34   38   605   0   0   1454   53   51   59   192   38   0   0   339   0   0   1   0   250   4276   251   0   68   2   0   333   70   0   13   0   20   34   0   0   11   5470   236   70   0   0   400   0   333   3   0   0   0   497   0   3   0   0   0   121   0   765   310   0   12   0   35   2956   1284   87   131   130   0   0   0   4   
258   0   0   0   0   0   0   177   0   0   0   0   0   1401   17065   167   0   227   93   0   72   0   0   0   0   0   2195   0   9   181   497   0   0   563   0   0   59   0   0   0   764   10   15   5   0   0   0   0   6   0   0   0   624   178   0   1   0   0   0   13   0   0   67   17   0   0   0   0   0   0   32   0   1595   0   0   31   0   0   1   19   0   577   67   0   130   555   2   0   0   2   0   106   0   955   22   0   2772   0   27   471   22   38   23   652   26   4   0   1   0   637   
0   556   0   47   26   349   44   0   0   0   0   0   0   0   573   112   0   419   13   0   1587   5867   3474   0   0   0   0   0   0   0   18   235   0   1   228   31   2   0   27   0   0   0   42   4   27   200   47   0   0   0   0   0   48   310   0   0   0   44   168   2   27   0   0   0   624   1741   6   3   1   18   5401   0   0   166   556   0   0   0   0   50   2390   152   34   0   0   146   51   62   7   90   10   0   0   0   79   0   0   0   0   0   1   47   323   6   0   17   0   0   0   137   
0   10   22   0   0   358   0   27   41   2   0   0   43   127   13511   6281   0   59   0   0   0   67   143   1898   0   3358   11   3806   0   0   0   0   0   0   25   121   0   0   0   1291   0   0   6   0   11   15622   1595   1   180   0   187   2   12   6   0   0   0   287   0   133   0   2195   0   0   88   6   0   0   14   1   0   0   555   0   5   0   0   0   0   197   6   2018   65   0   13   1206   600   0   0   704   0   0   0   0   46   0   0   0   15   0   60   40   0   0   178   0   43   0   0   0   
3   8   0   0   55   5   0   22   0   17   65   0   241   0   0   0   2006   0   1604   112   0   1   392   0   0   292   0   47   0   171   0   0   0   0   0   0   0   408   0   258   0   0   38   112   87   0   106   793   0   0   0   0   1   0   0   249   0   0   0   0   0   0   0   0   5   24   0   0   0   0   0   121   70   27   0   384   8   2006   51   0   0   0   0   0   0   0   0   599   7921   0   0   0   0   0   214   0   276   0   0   0   0   0   400   15   112   0   0   81   519   0   
68   4   943   0   0   3   0   0   0   99   0   0   51   344   0   251   55   0   0   398   0   630   0   0   0   3   0   0   0   0   189   0   88   8   0   0   2   9   0   0   5   0   0   13511   0   41   0   0   0   0   36   276   0   0   0   94   679   17   786   4   0   0   104   0   174   0   60   0   0   0   0   339   0   44   201   620   0   180   0   110   0   0   0   0   744   303   6281   0   0   0   0   0   0   0   0   0   0   0   0   0   0   0   67   3   1   40   0   0   285   32   
236   0   0   0   623   97   37   1   2   53   0   0   0   0   3   0   0   173   0   0   0   0   37   0   336   0   40   0   0   46   0   0   0   9   23   0   0   0   0   0   0   0   1   0   3   0   323   68   189   0   93   90   0   38   0   607   0   0   0   174   0   3   0   0   231   3   0   0   0   80   0   0   0   0   0   0   0   51   95   0   53   27   0   0   0   32   8   20   0   135   3   0   70   7071   0   0   0   0   46   0   0   0   0   0   4   0   0   1   0   10   
1048   0   0   75   44   115   8181   0   568   0   0   6   30   12   0   115   1291   0   8   177   3   268   4   99   0   0   0   0   20   0   115   307   0   0   0   349   0   0   0   943   557   0   18   4   3   0   258   0   0   0   0   0   146   6   3   7   0   0   217   0   0   0   0   0   0   0   206   0   0   0   183   0   113   82   0   568   171   0   1   0   0   3   67   0   0   332   69   108   0   0   0   0   0   0   0   0   0   7   0   0   700   0   0   23   0   0   10   6   14   88   
44   81   8   0   0   0   52   0   0   0   0   3474   174   3002   121   0   108   0   0   55   0   8   0   0   0   0   2237   198   16   955   0   25   23   0   36   35   27   0   0   38   0   0   531   135   97   0   0   6   0   0   0   17   53   0   0   0   419   0   133   0   0   744   30   0   0   0   0   0   10   26   0   99   0   0   0   122   0   144   1   2231   0   0   0   0   0   0   0   0   0   0   22   178   52   171   0   0   2   239   115   0   40   0   151   0   0   0   2544   0   681   0   
467   0   0   0   0   5048   205   21   0   0   0   88   0   0   0   250   0   37   0   2   1   0   0   2789   122   0   16   0   18   265   0   37   0   34   112   640   797   0   177   0   46   0   0   0   0   1   309   99   116   32   24   0   0   0   17   0   0   0   0   0   0   273   0   0   0   309   0   0   0   0   0   0   8306   0   0   0   164   0   6   192   0   1   84   0   797   28   3   0   90   0   0   0   0   4   0   0   95   0   127   0   0   0   61   249   18   11   0   0   0   0   
0   38   0   10   44   0   75   0   0   0   2   0   0   0   519   1124   0   0   0   0   1   221   156   0   0   0   36   275   0   81   276   0   53   0   0   2585   0   0   0   93   0   0   1498   199   0   20   22   91   2   0   119   0   0   0   0   0   17   43   142   0   7   0   18   0   0   7   616   0   599   0   0   0   15622   0   0   40   6   0   0   0   0   250   0   363   0   0   250   0   0   41   18   0   0   0   0   0   292   1462   0   0   0   41   16   0   0   118   0   9   34   26   
0   10   0   12   81   4   0   20   0   12   0   0   187   0   214   0   0   0   0   0   0   0   0   0   0   18   0   0   48   157   5304   0   0   144   0   0   2956   246   35   0   0   0   0   201   53   0   0   5   20   15   79   0   0   0   122   0   0   0   0   309   2   0   0   180   80   36   0   168   0   843   0   1219   0   2   2689   0   0   6   3   310   0   148   37   0   2237   18   0   54   0   9   0   0   0   1093   0   0   153   27   0   1462   320   3   0   97   12   0   0   0   0   0   
1   178   5867   0   9   0   0   0   0   0   1   2   0   0   0   241   10   0   0   249   0   0   236   303   0   171   0   56   9   0   27   0   4   236   13   0   0   0   62   1206   0   156   0   0   124   0   17   0   0   0   206   0   0   38   0   396   46   14   42   1   0   221   457   31   0   241   955   0   10   0   0   0   0   843   0   0   0   0   0   0   0   0   2018   0   0   0   0   556   0   633   0   1733   0   0   6   8   97   3   3   0   1   0   52   114   0   0   5470   0   0   0   
640   0   143   0   201   0   0   0   51   0   0   206   0   652   3   859   0   116   859   171   14   0   53   85   0   0   0   7   1   0   140   0   157   127   0   0   363   0   0   5867   0   0   0   0   0   0   33   0   0   3   0   0   400   0   0   0   4   0   35   0   0   70   125   0   309   0   0   19   563   0   0   58   1043   1363   6   0   3   623   0   0   34   11   0   0   0   0   112   0   0   0   0   0   0   7   86   0   0   419   0   0   0   0   0   13   0   28   0   99   239   0   
174   52   41   309   0   0   293   2772   0   0   0   1   6   0   249   13511   0   17   0   0   943   0   0   0   0   0   0   0   12   0   0   0   44   875   0   0   556   5048   0   0   0   15   0   0   0   0   0   0   0   0   122   0   0   11   31   0   599   243   0   343   0   20   0   0   7   11   0   616   5867   97   0   38   0   708   0   171   21   20   0   0   6   1767   0   56   2441   0   82   10733   1022   199   0   0   0   0   0   31   172   623   139   0   0   122   6   398   27   282   3   0   90   0   
0   1   1   0   6   708   0   0   2261   0   0   52   0   125   0   60   36   0   0   33   115   2   0   19   0   61   0   557   0   0   19   8   0   2   2   26   0   0   0   1587   17   276   0   82   765   0   1874   56   0   0   0   0   35   0   680   0   8306   0   1   16   236   0   0   80   19   135   0   0   0   0   712   0   125   0   0   17   85   0   25   1874   62   0   0   0   0   214   49   0   0   90   0   6   0   0   0   3002   200   202   0   0   1022   13240   0   0   189   62   0   0   2   3   
1206   214   3278   519   0   0   0   461   0   0   0   0   0   0   0   60   0   1   0   0   392   0   1   166   0   0   2   0   0   0   148   0   0   0   0   433   0   8   0   2   0   0   90   157   123   18   0   10   0   0   843   497   363   0   34   384   0   0   0   0   3   0   0   17   0   0   12   0   22   19   0   125   0   11   3   0   0   0   119   4113   1641   0   0   11   87   0   0   0   100   52   1   0   0   0   0   88   0   18   0   82   0   0   708   0   4   500   0   0   6   14   
0   0   0   0   0   0   679   3   0   0   637   211   30   0   3   335   177   0   0   531   631   0   4   0   65   64   0   47   55   4   0   0   8   0   0   0   0   0   0   0   0   23   0   0   1874   4   373   0   630   0   11   0   0   0   0   0   0   13511   2   0   27   0   0   1022   4   0   0   0   13511   0   1   112   0   0   4   992   0   32   0   2585   0   144   5   707   0   680   0   0   0   0   19   0   0   295   660   127   1   8645   0   1587   137   0   0   0   0   97   943   57   4276   0   
0   258   6281   90   32   0   0   14   106   380   712   2390   0   210   6281   45   5   1062   1454   0   0   0   0   0   0   4   500   207   679   0   80   23   0   0   0   6   20   0   0   25   2390   1566   0   0   0   2   13240   556   0   0   0   20   0   157   0   11   0   57   12   13   6   31   43   0   0   34   14   93   831   62   122   0   0   1801   146   0   2   6   0   0   31   1566   0   0   666   0   62   35   7   5401   16   0   0   0   0   45   3   977   0   0   1067   20   0   3709   11   0   0   0   125   0   
84   0   0   69   0   0   531   90   26   0   0   0   275   0   458   0   0   0   7   9   0   0   22   91   0   142   82   2231   258   0   0   23   0   0   0   0   11   764   0   0   0   24   0   744   305   2789   0   0   0   0   500   0   93   0   0   0   0   0   117   0   0   0   48   0   640   0   1562   1022   2   0   112   9   0   0   47   0   710   0   1   0   0   35   81   0   0   707   0   14   1462   0   0   16   0   174   0   0   0   0   0   71   0   0   2005   0   0   0   2   78   415   4   
152   11   0   0   0   0   0   0   0   0   0   33   0   0   138   2   5048   0   12   0   25   0   0   0   0   293   0   0   67   0   55   461   24   0   20   0   356   0   27   0   0   35   15304   0   90   2   87   2390   0   0   0   0   0   0   3   0   107   309   419   0   1022   228   0   2   0   0   0   1241   0   0   0   0   0   34   0   27   0   0   35   0   0   23   0   46   0   48   0   42   0   97   0   1022   178   0   0   0   0   0   0   0   326   0   0   13   0   195   6   0   28   15   
323   13   22   0   1958   0   0   0   0   0   0   0   0   0   2585   0   1498   0   0   51   0   69   0   0   0   6   1   0   0   624   65   0   0   0   344   0   207   0   0   0   660   1284   0   3806   3   0   0   222   350   0   1438   0   122   0   81   3182   0   0   2   0   0   0   0   0   751   0   84   0   4113   977   26   197   5   53   630   2005   557   0   0   0   0   1   768   189   0   26   0   123   10   165   0   14   0   0   0   0   599   0   0   0   177   0   0   2   177   0   77   0   0   0   
5   0   0   0   797   0   13   112   0   0   0   17   6161   0   15   94   0   7714   0   0   0   23   53   0   2195   0   17   157   0   1   1   0   0   0   0   1958   201   11   0   1093   0   0   0   34   0   0   5   15   0   323   0   144   0   70   2   467   222   3   0   0   71   875   0   110   0   0   8   15   0   0   17   5401   0   0   0   0   0   0   4   0   0   9   0   0   0   28   304   0   0   0   123   0   595   0   0   0   640   0   8   0   490   0   1   0   0   84   0   0   0   0   
141   0   2214   0   0   0   20   1048   0   0   0   15   0   0   0   0   0   115   0   0   0   859   5   577   1498   0   107   37   1   0   0   15622   0   143   34   0   250   0   0   0   0   0   4113   14   0   0   0   140   0   0   15   0   2   0   0   0   0   0   37   0   128   0   3   0   0   3474   0   24   23   0   0   110   0   0   0   0   0   605   7   0   122   0   0   0   0   2   2   0   568   843   22   94   0   0   1291   34   58   0   1   0   607   4   86   0   319   100   0   0   15   6   
0   56   0   0   112   0   0   7921   22   1   0   0   0   7714   0   0   0   0   307   0   630   2   0   72   684   710   0   1062   3   519   265   0   0   171   0   0   0   0   0   0   0   0   0   96   0   0   0   3   0   275   0   93   0   2   0   0   0   0   1163   0   141   80   3278   197   15   0   0   0   148   0   2018   0   1587   0   3   12   0   0   198   1206   1   419   0   67   0   0   0   0   0   0   250   2   0   0   0   0   0   0   295   1206   0   0   0   2   88   33   68   43   0   0   
199   0   0   43   2   0   0   0   282   4   13   0   53   3   0   0   0   529   41   7176   0   0   3   556   637   0   0   1043   0   0   0   0   0   497   52   3   0   0   323   0   0   0   95   0   0   0   0   0   0   12   28   15   0   0   0   0   8   0   0   1   0   573   0   53   0   133   0   0   95   0   0   1   0   0   0   49064   22   144   203   5   17   0   17   8   0   400   0   278   0   0   170   0   0   0   0   0   0   0   40   413   0   0   1187   467   0   1   0   0   0   9   
0   0   710   0   0   0   0   0   7071   148   0   0   0   123   0   0   35   0   1562   0   116   0   7   2   15   1   0   276   70   0   0   0   0   0   0   568   0   0   8306   250   0   0   0   0   0   0   125   3   205   0   189   0   24   18   0   32   0   189   47   0   45   0   0   79   68   0   0   0   0   48   0   0   39   0   0   0   0   0   0   343   67   0   0   0   0   18   0   0   0   0   86   500   276   2772   0   1   56   500   0   2689   96   0   0   308   60   235   0   0   11   0   
0   0   0   195   0   666   0   0   1606   62   269   0   0   15   8   0   2   6   0   0   75   0   0   7576   0   14   0   0   0   336   1958   32   0   0   2   557   0   0   0   0   0   1048   6   0   13   1093   0   0   0   320   249   519   0   846   3   0   0   0   133   0   8   0   0   28   3348   2   32   9   0   0   0   363   3   221   0   846   0   0   45   0   0   177   6   0   1   62   0   0   41   9   0   0   0   0   6   0   0   4   568   0   0   0   213   6   0   156   2   0   143   7   
108   0   0   0   0   977   2   276   142   0   0   0   710   2   0   0   0   0   8   68   0   2441   0   0   53   249   0   0   0   206   0   0   0   16   165   6   0   0   0   38   0   0   28   20   0   0   0   0   6   0   0   1   358   4   4   0   0   0   0   84   0   0   2   133   3358   262   0   171   16   0   53   0   249   0   127   6825   0   0   2005   47   0   79   95   7   241   3   112   0   0   0   0   0   461   43   1772   68   0   0   64   58   47   0   0   189   62   396   274   0   0   0   
197   0   0   0   0   0   231   0   4113   335   0   0   106   0   303   24   2689   2   0   555   13   0   0   143   0   68   0   185   0   9   0   0   681   0   0   0   110   99   0   0   0   65   40   0   2237   0   221   7071   15   0   0   0   0   0   3   276   384   0   0   0   0   183   171   216   177   0   0   0   2   2   41   744   0   0   0   764   0   24   33   83   1   0   8   0   10   707   0   0   0   0   14   0   2   0   0   0   4   323   93   0   61   46   0   0   0   0   0   6   1241   0   
37   0   335   67   1898   11   93   262   0   0   0   0   797   0   0   1606   0   0   0   624   77   7   0   14   0   258   0   15   0   11   0   7   0   0   0   52   0   0   0   637   0   0   5621   33   268   0   0   0   220   0   0   0   0   0   0   28   165   168   0   0   0   47   0   0   84   16   41   1   0   0   205   0   0   0   164   78   2237   0   0   0   23   22   0   4283   768   0   0   0   0   0   0   15   0   0   0   70   14   0   9   0   0   0   55   17765   0   0   0   84   0   0   
0   0   0   17   0   0   4   0   13240   0   0   0   0   0   2   0   88   0   9   0   51   0   0   0   35   0   13   0   2777   17   0   0   0   0   0   93   0   0   0   0   14   0   211   0   0   0   110   0   843   0   0   0   0   0   0   0   0   0   1291   0   0   0   0   0   0   0   0   7921   0   265   44   0   0   0   0   0   1   168   0   0   0   12   0   0   93   0   0   1206   0   0   6   0   0   6   0   0   13   0   278   471   236   0   0   27   0   28   7   0   14   0   
0   0   0   0   53   0   53   18   0   0   0   0   20   0   287   221   0   0   0   14   0   0   0   11   84   0   32   27   0   0   13240   0   2005   0   6   0   0   0   85   0   0   45   0   3   0   13   0   0   0   0   0   90   0   0   0   0   0   0   0   47   156   0   0   700   0   0   35   1048   0   0   0   0   0   32   18   0   0   180   2299   0   28   0   58   0   0   15   143   334   0   0   0   344   71   4   0   0   32   0   0   84   0   0   0   0   0   5470   0   333   0   6   
0   0   0   178   480   45   0   0   19   0   0   0   0   0   0   2   0   35   167   0   15   138   75   0   0   0   0   204   67   0   0   74   0   43   0   0   0   0   125   22   144   12   303   0   14   0   0   73   0   786   0   83   1138   603   0   0   0   0   0   0   0   0   0   0   0   195   100   266   0   0   0   1   200   0   1   0   0   2283   419   2   0   38   0   5   60   310   846   32   151   0   0   0   143   0   95   1587   0   0   0   2   198   0   0   17   0   0   0   88   8645   0   
0   0   12   0   0   0   144   0   0   0   0   0   0   326   112   0   320   0   2   480   0   0   0   0   0   0   138   0   0   0   0   0   3   18   0   180   0   0   0   26   0   142   0   127   0   765   177   78   249   21   0   0   0   0   0   74   0   0   13   0   0   44   6   0   0   141   0   122   0   0   0   60   178   0   1   0   0   0   0   0   141   0   96   0   0   1498   0   0   0   6   0   211   285   40   612   55   0   0   0   0   0   0   18   219   0   332   0   17765   0   44   
11   0   0   251   166   0   19   326   0   0   0   0   199   2   0   3   0   0   19   0   148   48   3   0   199   122   0   37   0   4   58   26   55   992   0   0   0   201   0   110   0   0   6   0   259   679   0   0   0   0   0   0   0   32   0   0   195   0   0   0   0   3   0   38   88   0   0   6   2518   0   0   0   797   5   0   0   0   171   146   84   86   0   0   0   0   0   0   0   40   59   4   0   213   0   0   0   0   0   4   0   3   0   0   0   1   0   0   144   0   0   
181   0   235   69   0   599   0   56   146   60   113   1093   0   0   1163   86   0   0   0   305   0   88   0   15   0   0   0   0   0   251   607   0   0   557   0   0   0   0   35   0   63   0   195   0   0   0   0   0   80   0   666   1067   0   0   12   1   0   0   343   0   0   935   0   0   8   0   0   97   223   14   0   4113   4   304   0   0   20   249   0   0   0   0   0   700   15622   17   0   859   8306   0   2   0   27   6   0   0   44   0   0   0   278   36   0   231   0   308   0   0   0   2   
1   0   0   2018   11   0   15   61   0   12   0   0   0   0   0   0   15   27   0   0   14   3   0   11   49   4   138   0   0   0   9   13240   2   0   12   0   3   303   192   221   0   0   0   41   148   7176   0   293   0   82   15622   16   0   0   0   0   93   0   26   0   259   0   0   293   0   0   0   0   0   269   90   48   0   0   10733   0   0   0   0   0   408   0   0   8   3   529   32   400   40   50   0   49   0   405   363   0   117   0   0   4   0   0   0   0   0   55   0   86   30   0   
0   0   1898   1   88   1898   53   0   0   0   0   27   0   9   0   0   0   0   16   0   0   69   0   2214   0   0   10   4   0   0   0   0   121   0   0   0   0   0   0   3   0   249   14561   1206   0   0   0   0   51   0   12   0   0   0   0   0   0   4   0   1015   0   3   9   27   0   28   0   339   0   140   13   13   0   4569   13511   0   0   0   0   12   0   51   0   0   0   0   9   859   0   0   0   0   205   0   0   0   0   181   187   336   48   53   0   764   0   0   0   568   0   0   
0   0   0   0   141   0   1015   0   0   9   0   106   18   0   57   2237   0   0   0   0   16   2006   557   2   0   0   0   0   0   0   2   4   0   2956   21   0   0   0   577   0   0   0   0   0   0   177   219   0   0   37   0   34   91   0   0   471   0   0   0   156   0   0   27   786   0   0   134   88   0   0   292   1   40   0   0   358   1498   0   0   0   24   12   0   0   37   0   6   0   0   0   0   0   0   0   615   0   47   0   241   461   3   0   82   0   213   20   44   0   600   379   
2   2   0   7   401   0   637   0   9   35   82   226   0   0   0   333   0   0   38   52   41   0   69   0   0   0   4   0   2   0   0   95   18   0   1587   0   0   0   81   497   0   158   0   0   8276   0   0   20   0   0   350   0   0   0   0   27   0   70   0   0   0   0   1   0   0   0   0   0   0   0   0   0   0   1874   0   0   0   93   1048   647   0   0   221   0   0   18   36   0   320   0   43   0   8   0   113   405   0   0   0   41   14   47   0   0   117   0   0   0   0   0   
0   0   100   84   0   6161   58   0   0   0   0   0   20   0   13   143   0   0   0   1   0   43   46   17   0   0   46   0   0   335   167   3   0   13511   58   21   63   0   221   172   31   0   9   0   0   0   0   88   17065   100   0   0   201   0   0   0   11   221   3806   0   0   2   326   0   0   33   0   0   20   274   47   0   12   0   37   6   0   49064   0   0   30   0   0   0   4   26   178   4   0   803   80   307   0   0   63   0   0   10   0   0   0   0   113   9   568   124   0   6161   3   0   
0   0   0   61   0   39   0   0   0   0   14561   0   0   7921   0   0   4283   0   0   10   185   0   14   0   3479   124   24   0   0   0   0   0   0   0   0   0   0   93   0   5867   0   647   0   0   12   0   0   0   0   0   8   67   0   0   2789   307   53   0   0   0   0   0   117   15   0   20   0   0   0   679   0   26   0   0   21   9   65   3   0   0   0   0   0   0   0   647   0   935   1   0   0   0   82   2283   0   0   358   0   0   38   0   43   15   10733   0   0   40   0   26   2   
0   0   0   0   1291   0   680   0   0   13   0   38   1   0   27   0   0   0   0   99   0   4   17   0   21   0   97   0   0   0   0   17   0   7714   0   10733   0   0   17   0   0   0   640   0   38   0   0   797   2   7   3   0   0   1641   0   4   0   164   363   122   0   3   0   0   0   77   0   0   333   0   236   2   0   0   78   0   0   344   303   11   143   398   0   6   181   12   275   0   1772   18   0   0   116   47   112   27   0   0   700   0   0   0   6   11   0   228   0   603   415   0   
143   327   332   38   0   0   0   0   0   5048   26   47   4   0   0   0   62   1219   0   0   155   82   831   226   0   0   0   0   0   0   765   93   0   148   0   49   198   0   40   0   0   0   0   83   0   2   49   0   12   0   0   0   0   0   6   0   13   7714   31   0   1187   768   288   0   0   0   53   0   0   2   0   35   0   0   0   0   0   0   127   0   2   0   1587   679   0   2   171   1022   38   2   0   0   26   4   82   37   0   0   0   0   12   0   0   563   0   59   178   0   768   122   
0   0   0   34   0   4   0   0   0   14   0   0   0   0   568   4283   7921   131   0   14561   32   1   0   9   363   2   24   55   0   0   99   142   47   6   53   0   31   0   310   27   0   59   0   30   48   0   0   0   0   4   4   0   0   0   38   0   0   0   0   0   0   25   0   1363   0   0   0   96   10733   0   0   0   5   13   122   0   0   1   398   17065   81   7   4   4   1   0   53   0   180   1   303   0   3   27   0   0   62   11   0   0   0   0   0   2248   9   0   0   1   0   0   
0   293   2   3   0   0   0   9   0   0   0   38   287   31   0   0   0   1   0   3   0   106   0   241   0   0   0   0   0   0   0   49   8   21   0   0   68   17   0   0   6   55   0   0   0   2956   0   1   0   0   457   0   0   15   0   0   295   0   0   85   2789   0   0   0   624   1206   0   7071   0   0   0   141   0   0   0   0   0   18   0   0   0   0   0   0   0   0   213   228   26   0   0   11   0   43   130   0   0   7576   82   0   275   0   1562   0   11   0   0   2299   0   0   
0   8   0   151   246   47   0   0   125   26   24   0   0   0   171   0   1284   0   0   88   0   599   0   0   7   0   157   0   0   0   0   0   0   0   0   0   0   17765   0   0   65   2544   0   15622   0   392   0   0   0   0   0   0   17   0   0   0   0   0   47   0   0   15   0   0   0   81   200   0   0   276   0   603   17   172   0   142   57   0   0   15622   0   91   106   1206   0   157   12   0   0   20   480   0   47   0   556   0   881   62   0   0   0   0   0   172   0   0   0   0   213   0   
1   158   0   405   0   0   0   0   0   112   0   0   128   93   0   0   0   0   0   158   0   0   2518   112   15622   0   0   6   0   188   108   0   0   0   0   0   90   2772   0   332   1   0   0   2   0   183   0   68   1015   350   80   881   174   3   12   6   0   0   0   7071   0   0   0   84   0   0   26   0   349   0   0   39   0   18   0   0   2   336   0   0   0   0   110   0   0   6825   0   55   0   156   0   0   0   0   0   0   0   258   0   0   0   35   0   0   174   59   9   45   49   3   
0   3   0   0   206   6   0   0   70   0   4276   0   122   568   0   0   0   293   1067   620   0   0   6   1   0   0   0   0   1048   0   2518   115   4   0   0   0   12   84   0   8   0   0   273   623   276   333   222   0   33   1   0   400   2772   285   607   46   0   44   26   0   0   122   36   19   53   1   0   0   2299   56   0   0   0   20   14   319   201   15   497   0   34   0   556   0   0   0   0   0   0   62   1213   0   0   0   228   0   620   0   0   39   0   57   0   0   0   40   3   4   104   70   
33   0   0   155   34   0   0   15   0   6   57   0   0   0   110   226   0   0   0   0   0   0   56   0   335   235   350   0   0   3   37   21   400   133   72   0   41   8   0   0   10   0   0   167   192   0   83   2   177   0   0   0   0   0   165   0   258   113   55   54   0   143   99   3474   0   1   0   0   49064   6   26   214   90   0   11   0   174   0   0   3348   0   6   84   0   0   195   2   0   0   2283   0   1767   0   40   0   7   4   0   0   0   22   0   0   0   0   0   0   336   0   0   
0   0   0   134   1772   0   2   0   0   60   16   0   0   6   19   0   0   16   68   0   38   0   51   1   0   0   0   0   0   379   0   0   17   0   0   0   80   0   327   0   52   88   79   197   158   112   0   2214   0   133   0   2231   0   38   704   33   0   0   405   52   0   0   24   0   1733   1401   0   4569   0   25   73   0   419   0   112   2   3474   0   1   433   55   0   171   213   0   0   65   266   0   0   0   0   65   0   0   0   0   0   0   660   15   0   0   5   1   0   480   555   11   0   
1   6161   0   22   937   21   1206   7576   0   0   0   269   35   0   0   0   0   3   0   0   0   0   0   3   6   0   0   130   6161   0   6   0   4   0   0   0   0   0   18   0   0   0   0   1454   0   110   20   0   13240   0   0   0   3358   57   305   3   1   467   2585   0   323   0   4   0   0   0   15304   0   2789   0   0   0   0   156   0   764   0   0   58   0   0   156   0   79   530   633   70   0   0   68   0   0   0   40   0   0   0   0   0   143   0   0   0   0   0   0   93   0   0   363   
0   0   0   1462   0   0   0   0   20   0   0   1   53   8306   110   1566   9   0   4113   134   768   0   0   0   0   0   0   0   143   4   0   7   0   0   0   23   0   0   0   6   0   249   0   568   0   0   0   0   0   40   0   20   0   0   0   0   112   0   14561   1438   0   1   0   0   0   0   27   0   0   0   0   4   1062   28   93   4   0   106   0   0   7   0   47   0   0   52   2   11   82   27   0   6   0   0   0   0   165   2   0   0   1   0   4   0   171   0   0   47   0   2005   
17   600   0   125   0   0   25   276   0   0   0   0   8   0   0   1138   0   859   6   0   19   0   0   0   113   17   1958   0   1604   859   0   2   59   0   600   0   144   5   0   99   0   529   0   5   6   0   0   0   8   0   3   74   34   71   0   0   0   0   1   0   0   0   0   0   2248   0   0   0   17765   258   0   0   197   607   0   47   82   363   0   192   192   0   0   461   0   7   0   413   285   1219   60   0   189   319   69   15   415   3   0   0   0   295   41   0   17   3   200   112   0   7921   
0   0   0   0   1   62   0   0   14   4   0   0   6   0   0   1219   0   0   0   93   0   0   797   0   0   0   0   0   0   0   0   74   53   0   0   0   0   9   0   3358   57   0   0   0   0   125   0   53   0   0   0   0   320   0   5621   0   0   0   265   0   599   0   0   18   0   1606   0   1   0   68   0   0   0   0   0   0   21   0   185   0   10   1   0   605   67   0   0   0   9   0   0   52   0   37   86   6   0   62   0   1   7   221   33   0   0   4   0   18   82   5867   
17   116   38   181   2005   0   0   310   7   189   0   0   34   0   10   91   0   0   5   0   0   555   185   0   35   43   0   0   0   22   8   58   0   14   7   0   0   0   0   0   0   48   0   0   0   0   27   3   125   557   33   0   3   0   1641   0   14561   0   0   12   568   0   0   44   5   0   2   53   5   0   0   153   35   0   0   0   679   0   15   6   3358   72   127   45   0   38   0   55   0   0   0   1772   0   679   53   0   419   0   3   0   47   0   287   108   35   82   1   21   0   0   
1   0   4569   0   1093   21   0   0   171   0   0   2   4   0   0   8306   0   744   398   859   0   1   7   1   3   10   23   0   937   0   0   0   0   0   0   107   831   0   0   8   0   0   207   0   0   0   93   0   0   0   0   0   332   0   0   22   0   0   4276   2261   0   0   4   189   13511   612   660   10   4283   0   0   17   195   40   0   6   0   0   0   12   405   415   0   84   480   0   7714   0   206   0   24   4   0   1   7   0   2299   13   0   624   0   0   27   0   0   6   18   27   0   16   
0   6   0   81   0   0   100   0   1   6   0   0   335   0   141   3   0   0   93   1   0   4   0   0   556   0   0   3   2689   52   8276   0   0   0   0   174   0   373   0   0   15   1   122   0   0   0   47   287   0   0   4   0   0   108   0   278   0   0   276   0   0   0   0   16   47   708   172   0   0   2777   9   27   0   1093   0   400   0   11   1048   82   0   49   2850   0   0   156   54   0   0   3   0   0   47   84   563   204   0   0   0   0   93   0   1772   0   0   0   0   0   18   0   
15   599   13   131   0   0   2261   0   123   210   52   0   0   4   12   0   0   5   1   529   0   17   0   0   0   146   0   0   7   0   0   0   0   107   15   0   0   0   0   100   2   0   60   59   0   38   0   0   0   37   531   10   0   206   2   0   119   3   133   22   0   0   0   14   0   0   140   396   0   0   90   0   0   0   134   3   0   4569   249   16   14   189   5   2850   90   0   3806   0   0   0   8   0   3   174   65   0   363   0   0   15   0   3806   0   0   174   0   72   18   0   0   
0   0   8   25   623   47   0   0   40   0   0   0   413   0   0   99   27   0   15   0   0   1606   0   0   84   22   0   0   40   12   0   171   0   0   0   0   0   56   0   2283   138   0   2283   8306   0   220   875   0   7   0   72   0   37   2   14   0   48   2   115   1213   457   0   1   309   0   2789   0   1606   144   78   0   10   0   0   61   0   0   241   22   143   5   79   82   0   48   80   0   0   0   0   0   0   0   81   0   2772   0   127   3709   0   0   86   55   0   0   0   0   0   0   0   
53   12   0   0   0   0   55   615   0   65   0   0   2   615   1498   0   0   1   2   0   0   141   4283   0   0   0   0   0   49   1043   6   0   171   0   23   0   236   1604   268   19   269   0   42   0   0   7   17   0   3709   0   0   0   0   0   700   0   258   0   11   124   0   2   221   0   12   6161   0   4   0   21   0   0   0   8276   15304   0   620   0   288   24   0   4   2   0   0   17   8   5304   40   2195   0   0   0   0   0   0   0   0   0   0   19   0   0   0   0   0   221   0   0   0   
216   0   0   12   0   0   0   9   0   0   3   612   0   33   0   0   128   1801   10   0   0   90   4   0   0   0   0   631   0   20   0   497   276   0   0   0   0   17   0   287   0   43   40   0   99   0   0   0   40   0   398   0   0   0   343   42   40   14   0   0   0   0   78   16   56   82   42   205   0   14   0   2261   992   6   41   269   35   3   0   14   0   679   4   0   0   0   12   167   0   0   666   1213   0   3   2   0   0   0   4   8276   0   0   0   82   0   0   0   0   530   35   
310   2518   52   5   13   0   51   90   0   2544   0   1   0   0   0   19   0   0   0   128   0   0   1138   0   0   0   35   90   67   0   0   0   0   0   0   0   0   0   0   336   0   0   0   0   831   0   56   8   0   36   0   0   0   3   0   1   0   0   0   2   197   0   0   0   0   31   249   0   60   67   0   0   0   0   0   0   0   0   0   0   0   0   0   0   0   0   148   831   4   0   133   0   9   0   0   7   343   0   3002   15   13   8   258   40   0   83   1206   992   0   0   
5048   172   0   0   122   3   0   0   0   401   205   0   305   6   112   0   250   0   0   0   458   53   401   67   0   0   0   6281   0   679   4569   1   217   12   1958   48   0   0   0   0   0   0   0   0   0   2   0   326   14   7576   35   266   679   17   82   27   573   0   0   0   309   0   0   205   112   0   0   17   0   5   4   0   249   14   0   1022   0   1587   55   0   0   81   0   0   0   0   112   0   3   0   227   241   26   16   0   0   0   266   1   0   11   0   0   0   0   0   1163   0   0   0   
616   0   0   620   99   221   113   0   631   0   0   0   12   93   67   0   0   143   563   0   27   0   24   0   10   0   0   0   213   0   265   0   0   323   0   0   0   0   3   0   710   0   0   0   4   0   22   0   0   13   0   0   7   0   5   104   0   4276   165   0   0   0   6   0   0   0   13   28   236   6161   0   141   0   93   0   0   0   0   0   0   26   0   327   110   0   20   605   0   201   205   0   26   11   51   181   0   249   2   82   3182   0   0   0   0   309   0   0   45   49   0   
0   0   356   2214   0   174   8   204   0   0   0   0   0   6161   0   222   0   0   568   0   637   40   90   0   0   2248   0   0   8645   0   573   0   0   0   63   8181   0   0   36   6   0   0   0   0   0   288   65   0   679   6   0   3   6   0   16   38   0   27   0   0   3   0   14561   0   0   0   0   88   285   172   0   0   0   0   0   0   0   11   59   16   0   51   0   84   0   276   0   10   0   180   0   5621   0   19   0   0   0   607   38   0   0   210   0   0   1562   0   607   0   0   144   
0   0   127   0   0   0   0   0   0   0   4   490   0   80   3   0   203   0   0   11   15   70   0   0   0   0   2248   258   258   0   0   0   2   49   20   0   0   0   166   0   1566   0   0   0   0   0   78   13   4   207   1772   0   8276   0   0   0   0   1898   0   43   34   13   18   0   0   0   0   0   0   2956   0   855   0   5   7   343   61   0   0   0   0   0   0   17065   0   0   0   138   0   207   0   0   350   0   79   143   0   0   164   0   15   164   652   0   4   0   637   0   0   0   
0   0   217   0   0   0   4   34   0   67   1291   457   0   4   16   0   0   53   0   4   93   0   603   87   0   0   0   0   0   398   0   9   90   0   2   0   0   0   0   3   5   156   0   6   1206   95   15   0   11   0   0   0   0   0   121   0   1958   7   0   189   0   2   0   744   216   0   197   0   12   0   17   0   62   2248   0   0   5   35   36   20   0   0   148   0   0   276   188   0   0   0   0   1498   0   0   33   0   0   0   0   18   106   8905   0   0   5401   31   265   59   0   1741   
0   0   797   0   0   765   0   0   5   22   467   228   9   71   0   0   0   0   0   0   1767   0   2231   0   0   0   0   0   0   55   0   0   5   0   0   0   84   0   55   3   0   0   0   0   0   216   266   0   419   0   6   0   4   250   3   2261   293   0   15   72   0   0   11   595   0   274   0   192   768   0   0   0   88   0   0   1294   0   9   0   0   55   6   2   0   1213   308   2   0   0   0   0   0   222   2006   26   0   11   1462   5   0   2006   13   0   0   0   0   0   0   0   59   
0   0   461   0   0   10   0   227   25   0   114   0   0   0   15   0   304   123   0   33   57   156   0   0   630   344   350   0   0   112   0   5304   15622   0   199   81   0   0   0   249   768   144   122   6   189   0   3   6281   119   5470   0   0   0   0   62   0   0   0   32   0   0   0   3   1462   2006   0   31   26   249   2   6   0   612   2248   0   2   0   13   5   0   0   23   0   116   0   122   605   630   20   0   4   116   0   93   12   0   0   0   0   43   0   0   22   0   0   0   27   106   6   41   
0   107   10   0   0   0   0   0   0   0   0   0   11   17   3806   0   250   143   0   0   0   0   0   121   0   0   0   0   22   52   61   0   0   87   1498   3   529   0   4   0   0   0   556   0   43   0   0   0   0   0   320   9   4   0   0   31   0   2956   58   37   0   0   0   0   7   20   35   0   0   563   276   0   0   166   0   0   0   0   273   250   0   0   0   67   19   0   61   0   0   751   0   0   0   6   0   15   0   0   0   0   679   0   0   0   11   177   1741   0   0   0   
0   1498   2   0   4283   4   0   303   0   4   0   7   0   1   0   0   0   17   1   0   0   620   0   0   373   27   0   0   0   0   1138   0   0   0   0   0   0   41   226   2390   0   8   119   51   0   0   2237   0   34   0   0   797   30   0   47   0   0   90   0   0   0   0   0   0   119   363   0   2   0   0   2299   3   0   69   25   100   181   1   1801   45   1124   25   0   14   0   173   0   1874   0   0   43   0   0   0   106   62   0   0   46   4   0   0   0   0   141   0   0   1562   0   0   
0   3   0   605   7   307   0   9   0   0   174   0   0   93   0   0   2   0   0   0   34   11   11   1   123   0   0   84   25   14561   0   3   3474   0   0   0   6   35   151   1438   7   0   0   0   1498   0   707   0   7   80   16   0   119   0   170   599   0   47   0   0   0   0   0   0   0   100   0   0   20   3348   9   0   64   8905   4   0   36   0   0   0   24   0   0   2006   58   274   768   0   0   0   0   21   0   3806   0   0   0   116   0   2018   84   0   5   0   0   0   0   0   0   243   
220   246   0   855   0   34   84   0   5   18   0   0   0   2   0   0   17   0   0   0   0   0   158   0   0   9   0   0   3   0   0   0   0   0   0   0   19   0   640   142   3   17065   0   0   49   106   3   0   555   249   2   5   0   0   2850   343   5470   93   138   0   0   195   0   0   0   0   0   0   41   0   16   22   32   0   0   1801   0   0   40   0   480   15   38   153   0   0   181   0   177   1   22   0   1562   0   0   236   6   0   0   174   0   0   0   27   0   1604   0   0   0   127   
204   0   0   2018   9   1   0   0   47   14   1401   0   2689   0   0   0   19   3   0   33   207   0   0   0   0   0   0   96   0   0   9   0   2   55   6   0   0   0   0   0   0   0   0   0   171   0   236   0   0   0   0   0   219   0   855   0   84   0   0   343   577   323   0   65   17   32   0   0   1   0   356   0   21   0   0   0   0   0   0   258   712   0   0   47   0   5   206   0   0   0   11   0   0   0   568   0   52   744   0   0   91   15   41   0   0   0   0   0   0   45   
23   0   110   0   0   0   0   0   13   0   0   3358   0   0   78   0   0   9   178   0   30   7   0   0   262   859   20   0   0   0   0   0   11   623   62   168   276   49   0   0   0   9   556   637   0   0   3   222   0   0   0   0   0   0   41   4   0   0   140   0   0   14   0   7   0   0   1206   0   6   309   0   373   0   2956   15   0   251   0   69   1874   0   467   0   0   3   0   0   350   0   2390   0   0   6   0   0   82   249   0   3   23   0   0   0   128   0   0   0   0   43   0   
2   0   0   18   320   5470   0   125   3182   144   0   319   744   0   0   9   0   236   0   33   0   0   90   0   0   0   91   9   0   3   467   0   59   74   24   3278   0   0   1741   0   0   0   293   0   0   34   0   704   0   0   0   0   0   0   3   282   295   189   0   0   10733   44   183   1431   0   30   0   0   112   0   1604   4276   4   0   0   2283   710   556   0   79   0   0   9   0   0   0   0   6161   0   1772   0   0   178   0   0   69   5   86   6   0   0   36   943   0   0   55   0   0   2214   0   
0   0   0   0   0   97   471   0   28   8645   34   396   0   0   77   122   0   110   0   0   113   0   0   0   0   2   0   81   3   0   37   0   4   0   5   22   90   0   1562   0   0   0   0   0   15304   413   84   0   0   35   0   0   0   12   0   13240   173   13511   0   177   10   0   14   2237   295   133   119   3   339   1   69   4   0   67   0   0   2777   62   0   0   0   3   202   43   199   0   0   768   0   12   0   78   0   620   0   0   0   82   0   467   35   0   2283   47   0   0   97   0   0   62   
0   0   5   11   0   12   48   0   0   0   4   0   0   0   0   0   127   0   0   413   18   405   855   177   0   53   0   1   0   744   16   141   0   15   0   0   86   0   10   704   490   0   0   0   121   11   0   6   615   0   0   4   0   15   0   0   85   0   4   334   41   0   0   0   0   0   93   153   1   96   250   125   0   24   85   0   0   0   282   0   13   0   249   155   0   0   0   14   112   21   125   0   0   32   0   379   0   0   222   765   0   2518   0   2237   125   0   0   0   0   0   
