110
0   0   0   2   0   0   0   0   0   3929   0   50   0   0   0   9   285   0   55   330   948   795   0   0   556   320   0   18   0   0   10   0   0   0   0   3400   9453   0   0   103   0   72   0   122   6172   0   0   20   276   69   0   0   35   0   0   9   0   247   1   0   0   0   312   0   0   0   0   1   59   37   0   13934   1057   32   0   0   0   1238   1   0   182   1715   14   221   0   27   0   0   31   0   0   0   23   0   0   24   0   0   3   187   0   0   130   0   0   6024   0   52   875   69   
167   0   0   0   0   33   0   0   1   0   0   0   7   22   11   0   14   0   0   2   0   0   0   42   0   0   0   362   106   27   67   32   1960   3   0   488   56   0   0   42   361   33   0   54   0   0   0   0   3   0   1798   0   0   0   5005   0   0   4   193   0   0   178   0   155   0   0   50   0   1   0   6   0   871   23   741   0   231   15   0   98   42   0   2   0   16   354   0   82   0   0   0   337   36   0   648   0   0   409   0   1231   0   27   1   0   0   640   15   0   0   0   
179   1   0   0   0   0   216   994   0   0   0   0   0   0   18   12   0   30   193   23   0   0   98   114   35   405   155   1   0   0   0   0   0   0   0   0   0   50   0   0   108   0   594   0   203   12   0   30   85   0   44   193   349   118   200   0   472   6   0   24   0   0   42   145   0   0   31   567   0   0   0   0   51   0   0   0   0   0   136   1   523   0   0   0   0   0   94   1059   1   0   8   0   14   63   18   169   0   0   6   97   312   15   20   0   0   0   0   0   0   0   
0   9   4   0   0   338   0   0   0   0   0   12   1   0   4   0   594   0   0   0   0   0   0   0   0   0   258   7   4   213   0   0   0   45   0   0   459   0   21   0   38   0   0   2   1   0   0   0   0   0   0   0   0   312   0   0   815   0   2109   231   0   0   0   60   0   525   0   0   0   0   488   2127   105   109   661   23   0   0   0   0   0   0   0   0   0   2180   8   0   0   10170   75   35   11   0   0   2   0   39   0   9394   266   55   0   22   1   349   0   9394   44   0   
391   0   172   0   0   0   99   12   0   161   0   193   228   0   0   5   0   0   0   148   4   330   0   166   113   0   1727   22   0   0   0   0   0   61   0   1715   25   0   0   0   0   43   0   5   2505   0   0   34   0   974   0   0   0   22   973   33   0   5   0   0   10   940   0   81   0   0   826   0   459   1273   98   0   0   0   66   0   0   0   0   0   593   1   2   0   0   0   88   45   1293   0   2   0   29   65   108   2   6   0   0   0   0   86   0   258   0   4   0   22   318   5   
0   12   0   0   0   0   0   161   0   161   0   0   0   0   1869   0   301   0   0   0   0   0   0   88   0   0   0   337   193   0   11   1   0   405   12   45   0   9   0   0   0   0   2   0   248   39   0   0   0   0   0   0   0   0   1549   0   0   0   50   0   191   0   305   361   96   36   14   0   26   0   136   0   14567   14   0   86   109   54   0   91   0   37   1688   0   0   0   0   0   2   0   39   0   109   0   0   36   148   2851   465   0   0   0   13934   0   0   1   2   51   3969   0   
48   0   0   0   0   9   0   0   23   394   5   0   706   0   15   0   31   23   0   0   341   54   0   251   1875   0   0   1789   0   0   0   0   352   2331   0   45   0   36   60   0   0   47   11779   104   0   0   954   5   1   0   0   0   0   0   39   21   0   0   0   0   3400   66   0   0   0   0   169   0   0   0   535   19   0   0   0   0   176   2239   0   0   0   0   305   0   0   748   1122   0   0   21   148   0   0   3669   0   0   0   0   208   0   39   40   19   0   0   0   0   0   1   0   
55   307   0   0   0   0   974   0   35   0   83   55   0   11   19   0   1231   0   0   14   0   193   1621   46   0   0   0   0   130   0   0   354   208   0   357   0   0   0   0   3   66   38   0   0   0   1   69   940   0   17   0   339   0   60   0   40   37   75   433   525   0   2   0   2505   0   15   146   243   54   28   0   161   0   0   0   18   0   486   661   794   0   0   19   0   305   624   92   964   9436   556   138   0   17   338   1   0   21   1   119   0   0   0   0   648   0   10   645   0   7   0   
0   0   44   0   0   0   0   2   0   0   0   0   27   5   0   0   0   0   0   9453   0   229   276   0   0   45   2   20   0   0   0   0   0   1231   0   0   871   1258   266   6928   0   4   0   0   39   1014   0   2239   67   21   0   0   0   0   1086   0   0   61   0   0   99   143   0   1590   0   0   17328   0   0   354   0   179   0   0   0   0   0   6   875   0   0   83   0   4   220   0   0   50   39   0   0   24   0   0   0   338   387   0   0   0   5   137   7   0   0   321   8   0   341   0   
176   0   0   0   0   0   0   0   0   0   8452   1   0   655   0   0   7   0   130   23   75   419   6   112   75   0   81   4   0   69   0   0   69   0   0   825   0   6396   86   38   0   0   875   0   0   0   0   2   3   0   0   486   19   0   0   199   59   0   2712   200   0   109   0   0   24   648   0   567   948   34   0   0   0   0   0   9   0   176   183   0   136   0   0   73   0   136   0   0   0   0   341   27   1   0   4   0   0   2959   0   8   23   208   82   35   172   59   0   97   678   179   
37   0   574   0   0   0   0   0   1989   91   0   21   32   39   335   399   0   14   0   0   2173   0   0   4814   10   820   35   49   0   0   0   14   155   0   0   20   17   0   0   3969   0   113   25   20   183   3969   0   0   0   7   0   4   0   0   0   0   0   0   0   98   0   15   0   0   154   0   12   0   0   20   0   0   210   12   4   0   0   0   0   0   6   435   0   191   6   338   0   0   42   0   1968   3   0   59   96   0   474   0   0   0   794   21   0   19   8   3   248   113   0   18   
0   0   0   54   15   0   0   0   0   0   0   0   5   1   0   0   0   4   0   0   0   0   0   6   3   0   6024   298   0   0   144   402   361   0   0   0   13788   3   387   12   6   10   6   0   43   0   80   109   109   38   422   203   0   357   0   0   75   6070   15   7097   0   39   1273   136   0   2   0   4   0   160   236   0   208   60   0   0   38   39   0   0   0   0   69   0   525   105   0   171   0   0   0   262   0   138   0   0   3095   0   0   0   276   0   0   0   0   5   0   63   1086   0   
2239   9394   2   1097   33   7   203   69   0   0   0   0   0   0   0   351   126   0   37   0   0   0   38   0   1   13   0   189   0   10   0   0   0   70   0   0   0   0   0   5   0   0   2   0   0   49   5   0   0   136   0   0   29   670   0   0   0   0   0   0   191   19   0   96   6172   3036   0   325   0   0   0   0   0   6   0   57   23   120   42   0   0   0   0   0   1   0   0   0   0   0   0   0   0   31   0   0   0   0   0   3   50   0   36   12   0   305   0   0   0   0   
0   0   0   1   1968   5732   0   24   0   0   0   0   488   0   0   0   82   0   229   4   0   0   0   0   54   1108   4   0   0   0   97   62   0   223   167   0   642   0   0   0   0   45   1238   0   0   0   0   66   0   155   10   27   0   0   0   362   0   0   0   0   177   0   322   0   756   0   0   338   35   59   0   0   0   0   474   0   0   0   0   325   1590   0   260   0   0   0   0   0   0   0   109   0   266   0   83   0   17   44   37   0   0   0   0   0   1   127   0   0   0   0   
186   0   0   354   44   1   15   81   0   0   0   829   0   0   0   0   0   0   0   0   249   0   0   0   387   46   0   0   0   0   0   83   0   0   169   23   100   0   20   0   0   0   0   29   0   51602   0   0   83   0   0   0   0   6   24   0   0   0   0   0   0   0   0   0   115   0   0   93   0   0   21   144   0   0   137   851   0   0   0   0   7   281   11   1   5812   0   0   0   251   0   81   0   0   0   6   16   0   0   0   0   0   682   118   38   177   0   0   820   10   11   
648   0   15   7   829   42   0   1231   281   0   46   0   20   0   0   0   228   29   0   0   0   0   21   81   0   81   66   0   163   469   0   80   13   4   169   7   0   22   266   0   361   1   0   0   0   0   96   87   0   0   0   39   83   0   0   1   0   0   149   0   399   223   0   264   0   632   149   59   40   221   488   0   361   0   59   116   0   0   0   0   622   62   0   9   0   0   0   0   8   3209   0   0   43   63   0   0   5   1284   20   624   8   14   43   0   0   0   141   161   0   0   
3   0   0   0   0   0   390   155   0   82   0   64   236   0   0   0   0   0   8   44   57   57   87   134   0   0   195   14567   30   2   0   0   0   0   409   0   407   0   0   0   0   0   0   0   242   0   19   9   1   382   195   0   98   387   8   280   0   130   2109   160   13   114   16556   0   6   0   1153   98   330   16556   0   21   0   1138   0   1   0   0   433   0   115   0   0   0   4   0   325   0   18   0   0   11   0   0   0   0   0   0   357   0   44   0   88   0   125   672   0   0   0   0   
7   0   0   40   34   23   5   127   0   0   67   0   3   0   301   1715   0   0   594   0   161   0   0   0   0   3929   0   0   0   0   0   0   132   17   1686   0   75   0   91   0   0   195   0   0   179   57   120   0   0   0   0   0   0   357   0   0   1   0   0   0   27   362   54   1   0   79   0   0   0   0   0   0   748   2532   47   0   12   18   0   175   0   0   361   26   0   0   0   3   547   5   0   0   0   0   21   9   0   234   228   1686   0   50   0   1147   0   0   89   0   0   0   
15   208   0   0   6   5   0   0   0   183   708   69   155   0   0   0   0   1   0   0   472   0   27   0   0   0   0   0   1   3   0   0   0   46   0   0   10804   96   650   814   0   0   96   0   339   0   1   0   0   0   0   0   0   0   0   0   382   0   338   0   0   75   63   0   0   1   744   0   0   831   0   51602   43   0   0   0   0   744   0   0   338   0   0   390   59   747   341   0   0   0   0   0   0   0   21   1153   0   130   33   0   0   4   23   0   0   0   0   0   0   0   
0   0   7   0   815   0   3   0   571   6   0   0   193   39   4   0   0   57   0   0   0   559   2057   0   251   0   0   0   0   0   4   0   0   4   0   147   0   0   0   193   535   313   0   0   0   33   0   0   0   30   0   0   0   0   161   831   0   0   582   0   2   0   0   21   469   0   0   0   708   2127   228   0   0   0   0   0   40   378   6   172   0   6928   95   97   0   45   0   0   0   0   13   0   0   155   0   1   78   36   0   0   0   0   0   12   113   0   12   27   0   59   
0   338   39   177   0   0   0   0   0   0   0   672   45   109   0   0   0   307   0   0   0   56   320   27   0   794   135   49   0   0   0   0   46   96   0   0   0   0   624   0   6   0   31   0   24   0   3   65   62   0   361   0   0   0   0   0   0   14   0   0   0   23   2331   0   3   670   75   0   0   0   118   0   0   0   0   60   0   0   32   0   5   0   2827   0   624   27   220   0   0   0   0   98   14   0   0   0   0   0   0   0   0   0   0   0   0   0   0   0   71   390   
78   0   14   0   43   136   0   0   350   5077   0   0   0   337   305   182   0   0   144   0   43   0   1   1   10   249   0   0   0   0   0   0   0   0   0   0   22   338   82   0   0   0   0   54   13788   0   1231   0   8   0   668   0   0   0   0   14   266   0   0   244   0   0   851   1   0   348   94   556   6   20   0   523   3   0   140   341   0   0   42   33   0   0   0   0   11   0   0   0   1108   0   0   0   65   59   143   0   23   0   23   0   0   0   166   0   0   0   264   0   0   0   
0   318   19   144   3   56   2827   0   3   57   0   0   0   402   0   0   0   9   0   1   0   0   0   741   361   0   280   0   3287   0   7   0   0   127   12   3969   0   726   0   0   3036   318   0   0   0   0   307   21   0   0   114   0   195   0   27   0   0   50   0   3036   1168   0   88   1   0   0   2239   0   33   0   14   59   0   0   0   54   6   38   4   91   8   0   0   38   29   362   726   28   4   14   80   38   0   0   0   0   0   13   0   0   655   0   11   0   337   18   954   0   0   0   
0   0   0   0   97   313   0   5   0   0   3   42   0   0   4   0   1   0   49   0   2180   178   24   0   878   642   0   0   0   0   0   14   34   0   0   0   0   706   0   30   42   0   2173   8   590   13   829   0   0   0   61   98   1   1   0   0   0   571   0   304   23   0   0   0   281   2173   111   4   0   44   177   2   2127   0   3669   0   7   0   115   535   0   0   0   8   114   0   3   0   622   826   39   0   0   0   0   0   0   3   0   0   0   0   523   3   0   318   0   0   672   0   
8   0   0   136   0   0   0   109   0   0   0   15285   0   0   0   111   0   0   147   1   1059   262   64   38   0   0   0   43   2   11   2669   4   0   11   0   59   0   0   0   0   0   0   0   1   387   81   0   632   280   1018   201   0   44   0   391   0   0   100   0   0   0   0   0   593   55   0   0   0   0   4100   7   0   0   0   6172   6396   0   7   0   0   69   1   0   0   0   0   433   10   0   0   0   8   115   5077   86   0   0   0   0   0   4   0   0   878   14   0   0   59   0   3   
0   0   34   118   0   23   0   3   0   150   33   0   4   0   0   0   0   0   0   103   6   0   0   40   794   0   2   0   0   0   305   14   8   6172   0   0   154   0   0   38   0   1273   0   0   279   0   7735   0   0   0   0   0   0   0   0   0   0   486   0   0   0   825   0   0   0   0   0   37   18   134   166   81   17   0   0   74   0   0   347   0   1   0   375   0   189   0   0   1   682   0   96   0   0   28   0   0   2712   0   0   117   362   0   0   0   2   337   0   0   0   0   
0   186   0   61   402   0   0   0   0   0   10170   45   0   66   182   5   0   0   0   57   0   0   0   13788   139   7   0   0   0   0   0   0   0   0   0   0   0   0   409   0   0   0   472   0   0   382   27   0   35   0   0   276   0   69   402   6   348   318   0   4   0   4   0   0   0   0   60   0   0   6   69   41   3   0   384   974   670   0   0   0   0   10   208   0   0   0   0   10   0   0   1   525   4591   0   0   39   0   362   394   45   6   55   0   0   67   27   0   4   14   2   
0   617   0   0   0   0   14   0   0   28   0   0   0   210   0   41   0   0   0   0   21   0   54   4100   109   28   39   0   0   14   0   0   0   320   1018   0   0   32   0   0   244   0   3095   0   0   42   1   0   109   0   21   3164   3   0   38   0   0   0   4   0   0   70   0   0   0   17   57   0   279   741   0   1239   350   0   82   0   0   33   48   4   0   0   0   0   0   0   134   0   747   0   176   0   0   0   387   66   9394   1   0   726   4   14   0   27   0   0   4   32   46   10   
0   83   82   35   0   7   3   0   741   5005   307   0   109   4   0   1231   94   0   0   69   4   3   28   0   7   0   33   0   0   0   0   2858   247   0   1   141   0   2   0   351   46   0   0   0   0   0   0   117   0   0   7   17   39   0   15   2   0   1727   183   0   465   474   208   0   3   0   127   0   0   42   0   0   0   9453   0   0   149   0   216   0   0   0   0   571   0   0   0   0   3   0   4   0   14567   0   96   43   0   0   341   0   0   0   0   0   0   390   0   144   199   0   
218   0   0   27   0   0   0   14   109   0   0   0   65   33   0   0   582   243   0   0   115   0   72   3   1968   0   147   0   88   0   12   49   85   0   361   0   5   1875   0   0   0   10   0   0   0   747   0   0   201   0   422   0   0   0   0   0   0   682   0   0   0   0   1   0   0   0   642   203   71   0   1925   0   0   247   4   0   347   0   318   1   0   0   593   0   121   305   0   415   0   8   0   56   0   0   0   0   109   25   0   0   0   642   83   0   21   8   42   0   0   0   
0   341   0   0   34   0   0   0   0   0   0   17   49   0   0   0   0   0   0   0   422   0   0   0   0   488   0   0   1108   0   0   228   148   387   0   0   0   44   0   54   36   30   391   75   0   994   25   42   56   69   30   0   0   409   0   0   1   0   49   4814   158   0   8   3   0   352   49   0   0   0   6   36   0   0   9   3969   195   79   0   0   875   0   352   4   0   0   0   201   14   0   0   0   0   1209   0   645   341   0   19   0   672   679   1259   153   0   544   0   0   0   1   
338   0   0   0   0   0   0   228   0   0   0   0   0   1968   16556   179   0   3615   91   0   20   0   0   0   0   0   2669   1   7   147   201   0   0   795   0   0   117   0   0   0   18   0   39   13   4   0   0   4   6   0   0   0   0   135   0   0   0   0   0   0   0   0   87   18   0   0   0   0   0   0   0   0   851   0   0   27   31   0   0   9   100   351   65   0   544   825   4   0   0   40   0   95   0   1231   45   0   2827   3   18   682   21   30   21   535   33   13   5   0   0   815   
0   216   0   70   33   464   47   0   0   0   0   81   0   0   567   107   0   387   2   0   1168   594   3400   0   0   0   0   0   0   0   0   748   0   1   0   195   2   0   18   0   0   0   72   27   6   86   121   0   0   0   0   0   85   341   0   0   0   47   130   0   23   0   5   0   0   829   8   0   1   0   4591   6928   0   138   350   0   0   0   0   389   145   86   15   98   0   405   42   8   2   55   12   0   0   0   109   0   0   0   0   0   0   384   279   8   0   18   0   0   0   229   
0   5   21   0   0   459   0   1   298   10   0   0   0   218   12244   6172   0   117   0   0   0   150   146   2851   0   1484   13   4100   0   0   0   1798   0   0   17   1209   0   0   0   940   0   0   4   0   3   15285   851   1   668   0   582   1   6   8   0   0   0   312   0   82   0   2669   0   0   642   0   0   193   16   0   0   0   825   0   4   100   0   0   0   337   0   1925   12   0   2   1300   678   0   0   1138   0   0   0   0   54   0   0   0   0   0   66   31   0   0   135   0   48   0   0   18   
2   54   6928   258   62   0   0   21   0   0   27   0   102   0   0   0   361   0   1306   126   0   1   661   0   0   350   44   70   0   63   0   0   0   0   0   0   0   391   0   338   3   0   38   154   242   0   280   301   0   0   0   0   1   0   0   394   0   0   0   0   60   16   0   0   0   6   0   0   0   1   0   10   49   23   11   375   74   361   54   0   0   0   0   0   0   0   0   525   5055   193   0   0   0   0   428   427   236   0   0   0   0   75   875   19   154   0   0   149   632   0   
0   10   2034   0   0   0   0   0   0   97   5   1   10   266   0   158   76   0   2   203   18   655   0   0   0   3   0   141   0   0   99   0   69   74   63   0   2   70   0   18   4   0   100   12244   0   24   0   0   0   0   59   387   0   0   0   187   1258   11   193   2   0   0   24   0   130   0   0   0   0   0   0   409   0   47   183   826   0   220   0   108   0   1   0   0   744   339   6172   0   0   0   0   0   0   0   0   0   0   0   0   0   0   0   150   0   1   16   0   0   706   46   
228   0   0   0   422   96   51   14   1   3   0   0   0   0   3   60   0   313   0   0   0   0   28   0   176   0   31   0   0   12   1   0   0   48   31   0   0   18   14   0   0   0   14   0   8   0   279   0   147   0   78   111   0   8   0   593   0   0   0   130   0   5   0   82   155   2   0   0   0   266   0   0   0   0   0   0   0   42   59   0   3   23   0   0   0   44   0   172   0   116   4   0   49   7735   0   0   0   0   243   0   0   0   0   0   0   193   0   6   0   0   
648   0   0   33   21   964   6070   0   30   0   0   3   109   12   0   103   940   0   9   228   3   169   10   104   0   0   0   0   0   0   103   348   1   0   0   464   0   0   0   2034   320   44   23   12   59   0   354   0   0   0   0   0   405   3   0   5   0   0   115   0   0   0   59   0   0   0   132   0   0   0   136   0   64   20   0   30   75   0   1   14   0   59   87   0   0   91   77   134   0   0   0   0   0   0   0   0   0   6   0   0   878   15   0   31   0   0   0   22   19   96   
21   0   1   0   0   0   42   0   0   0   0   3400   130   726   1209   0   134   0   0   34   0   12   0   0   0   0   3287   325   7   1231   0   17   21   0   59   10   34   0   0   54   0   0   43   116   96   0   0   17   0   0   0   0   0   0   0   0   320   0   82   0   0   744   109   0   0   0   0   0   7   33   0   109   0   0   0   407   1   0   0   2331   0   0   0   0   0   0   0   0   0   0   166   135   24   75   0   0   17   37   103   0   50   0   155   0   0   199   0   0   1293   0   
1153   0   0   0   0   5732   0   4   0   0   0   143   0   0   0   49   6928   28   0   1   1   0   56   2959   120   0   73   0   15   304   127   28   0   21   107   798   756   0   125   0   243   61   0   0   0   0   399   97   92   0   23   0   0   0   0   0   0   0   0   0   0   262   0   0   258   574   0   0   0   0   0   0   13788   0   0   0   0   0   8   69   0   2   305   0   756   4   4   0   145   0   0   0   0   12   0   0   59   0   43   0   31   0   41   115   23   3   0   0   0   0   
0   30   0   12   45   0   33   0   0   0   10   0   0   0   632   624   0   0   0   0   0   167   168   0   0   0   59   0   0   73   208   0   67   0   0   1727   0   0   0   39   0   0   2505   200   0   12   18   50   3   0   96   0   0   0   5   0   11   0   182   0   0   0   15   0   0   6   706   0   525   0   0   0   15285   0   0   7   8   0   0   0   0   49   0   330   0   0   49   0   23   15   23   0   3   0   0   0   350   1647   0   0   0   50   11   405   0   130   0   0   21   33   
0   12   0   20   149   2   0   12   0   0   0   0   582   0   428   0   0   0   0   0   0   0   0   0   0   24   0   0   0   137   3164   0   1798   341   0   0   679   547   10   0   0   0   0   183   3   0   0   5   12   36   109   0   0   42   120   0   0   0   0   574   10   0   0   220   100   23   0   130   338   820   0   804   1   3   6006   0   0   3   4   140   0   0   28   0   3287   23   0   69   0   0   0   0   0   747   0   0   419   18   0   1647   472   0   0   96   8   0   0   0   0   251   
6   221   594   0   21   59   0   0   0   0   650   1   0   427   0   102   7   0   0   394   0   0   228   56   0   75   0   234   70   0   21   0   2   195   0   0   0   0   8   1300   0   8   0   0   186   0   11   2   0   0   132   0   0   38   0   450   12   3   79   0   0   167   322   32   0   102   1231   0   0   0   3   0   0   820   0   0   0   0   0   0   0   0   1925   0   2   0   0   216   23   382   0   1621   0   0   0   0   104   2   5   0   0   0   4   122   0   0   3969   0   0   0   
798   0   146   1   183   0   0   0   39   0   0   132   0   535   0   1097   0   92   1097   63   3   0   3   137   0   0   0   38   6   0   345   0   137   218   8   0   330   0   0   594   0   0   0   0   0   0   136   0   0   4   0   0   875   0   0   0   13   0   9   0   0   79   119   0   574   3   0   26   795   0   0   85   1086   385   6   0   36   422   0   0   61   10   0   98   1   0   107   0   251   0   0   0   0   5   50   4   0   387   0   0   0   0   14   2   0   27   0   109   37   0   
4   0   50   399   0   0   640   1284   0   0   0   0   4   0   115   12244   0   0   0   0   2034   0   44   56   0   0   0   0   0   0   0   0   38   1238   0   0   216   5732   0   0   0   0   0   0   0   0   0   0   0   0   75   0   0   0   27   0   525   177   0   321   0   45   0   0   143   9   0   706   594   96   0   54   0   794   0   176   4   0   0   0   5   1542   0   0   2532   0   160   11779   973   200   0   0   0   0   0   43   0   422   71   0   0   75   0   203   23   338   4   0   145   0   
0   1   1   0   2   794   0   0   1688   0   56   4   0   9   0   56   59   0   0   136   964   1   0   0   0   41   0   320   0   0   19   12   0   10   4   33   0   0   0   1168   11   387   0   20   645   0   1590   0   0   0   0   0   14   0   1781   0   13788   0   0   11   228   0   0   0   26   116   0   141   0   0   1147   0   9   14   0   0   83   0   11   1590   8   0   0   0   0   428   5   0   0   111   0   7   0   0   0   726   86   0   0   0   973   13934   0   0   147   9453   0   0   7   0   
1300   428   2180   632   0   0   0   814   0   18   0   0   0   0   61   0   3   0   0   0   661   0   3   138   0   0   7   0   144   0   237   0   0   0   0   415   0   0   0   2   0   0   55   137   89   19   0   7   0   0   820   201   330   3   74   375   0   0   0   0   36   0   0   22   0   0   0   0   18   26   0   9   0   0   3   0   0   0   96   6396   2109   8   0   17   242   0   0   0   435   0   1   0   0   0   0   97   0   19   0   109   0   0   794   0   10   650   0   0   0   11   
0   0   1715   0   0   0   1258   0   0   0   815   409   106   0   4   402   125   0   0   43   0   0   12   0   27   0   0   121   34   12   0   0   1   0   0   0   0   0   0   0   0   4   0   0   1590   14   55   0   655   0   0   0   0   0   0   0   0   12244   0   0   1   3   0   973   0   0   0   0   12244   0   1   107   0   23   4   1960   0   46   0   1727   0   341   13   1869   0   1781   0   0   0   0   10   0   0   213   0   218   6   9436   0   1168   229   0   0   0   0   96   2034   56   4814   0   
0   354   6172   55   14   0   0   37   161   378   1147   145   0   149   6172   0   4   1789   994   338   0   0   0   0   0   5   650   347   1114   21   266   31   0   0   0   5   12   0   0   17   145   672   0   1   0   2   13934   350   0   0   0   2   0   137   0   17   0   56   20   0   5   27   0   0   0   61   11   39   247   8   136   0   59   1686   405   61   0   2   0   3   195   672   0   0   708   0   80   43   6   4591   73   64   199   15   0   0   4   1143   0   8   465   172   0   5077   13   0   0   3   9   0   
81   0   0   60   0   0   43   55   33   0   0   0   0   0   428   0   0   0   143   0   0   0   6   50   0   182   0   2331   338   0   0   4   0   0   0   0   5   18   0   0   0   57   0   744   244   2959   0   338   0   0   650   0   121   0   0   0   0   0   93   0   0   0   0   1   798   0   1989   973   2   0   193   70   0   1   0   0   1057   56   1   0   0   14   149   0   0   1869   0   12   1647   0   33   11   0   4   0   0   0   0   0   54   0   0   2173   0   0   0   0   118   183   4   
86   0   0   0   0   0   0   0   0   0   0   113   0   0   0   2   5732   0   20   0   17   0   0   0   0   640   0   0   114   0   76   814   23   0   172   0   741   0   6   0   0   14   18959   0   55   2   242   145   0   0   0   0   0   0   4   405   66   399   320   0   973   0   0   2   4   0   0   815   4   0   0   0   0   21   0   1   0   0   14   0   0   4   0   12   0   0   0   72   0   96   0   973   98   0   0   0   0   0   0   59   571   405   0   0   0   43   17   0   4   17   
279   14   27   0   2056   0   0   0   75   0   0   0   0   0   1727   0   2505   0   0   39   0   60   0   0   4   6   3   1   0   0   31   0   0   81   276   17   347   0   0   0   0   1259   0   4100   6   0   0   105   357   0   1014   0   75   0   73   3095   0   0   17   0   0   0   0   0   617   0   78   0   6396   1143   17   337   4   41   655   2173   320   0   0   0   0   1   189   99   0   33   0   89   0   144   0   18   0   4   0   0   525   0   0   0   139   0   21   7   228   0   112   193   0   0   
7   0   0   0   756   0   0   107   0   0   0   0   5812   0   36   187   0   10804   0   0   0   21   0   0   2669   0   11   137   0   0   0   0   0   0   0   2056   183   3   0   747   0   0   0   74   0   0   13   27   0   81   0   341   0   79   17   483   105   8   0   0   54   1238   0   108   0   0   0   36   21   0   0   4591   1   0   21   0   0   0   7   0   0   6   0   0   0   4   362   0   21   82   89   0   2239   0   0   0   798   10   0   0   474   127   6   0   0   75   0   0   14   0   
113   0   1238   0   0   0   6   1018   0   0   0   20   0   0   0   0   0   964   0   0   0   1097   4   351   2505   0   66   28   14   0   0   15285   405   871   61   0   49   0   0   0   0   0   6396   11   0   0   0   0   0   0   27   0   3   0   0   0   0   5   0   0   96   0   3   0   0   3400   0   23   4   9   0   95   0   0   0   0   0   391   0   0   136   0   9   0   0   2   2   0   30   820   45   187   15   0   940   21   27   0   0   0   593   0   50   0   59   69   0   0   36   0   
0   0   0   0   107   0   0   5055   27   0   0   0   0   10804   0   0   0   0   348   0   655   1   0   20   469   1057   7   1789   4   632   304   0   0   75   0   0   0   0   0   0   0   0   0   82   0   0   15   4   0   178   0   39   0   1   0   0   0   0   747   0   113   0   2180   337   39   0   0   0   237   0   1925   0   1168   0   3   12   0   0   325   1300   0   320   0   19   0   0   1798   0   81   0   49   4   81   258   0   0   0   0   213   1300   0   0   0   1   69   0   8   0   0   0   
200   0   0   0   17   59   0   0   338   27   0   0   41   3   0   0   61   203   33   7123   0   0   35   216   815   0   0   1086   0   0   0   0   75   201   0   4   0   0   279   0   1   0   59   0   0   0   0   0   0   12   34   39   0   0   0   0   0   0   33   14   0   567   0   41   0   83   0   0   66   0   0   0   0   0   0   51602   21   0   12   0   0   0   22   0   0   875   0   0   0   0   161   0   0   427   0   0   0   0   31   545   0   0   1122   483   0   0   0   127   0   70   
0   0   1057   44   0   0   0   0   7735   237   0   0   0   89   0   0   672   11   1989   0   92   100   7   0   27   1   0   387   79   0   0   0   0   0   0   30   0   0   13788   49   44   0   0   0   0   0   9   5   0   0   155   0   23   24   0   0   0   155   35   0   0   0   3   72   0   0   0   0   0   0   1   0   29   0   0   0   0   0   0   321   150   0   0   0   68   19   0   0   0   0   50   650   208   1284   0   3   0   650   0   6006   82   0   0   349   56   748   0   0   9   0   
0   0   0   43   0   708   0   3   1273   80   176   0   0   0   14   0   1   4   0   0   33   0   0   7097   0   37   0   0   0   307   2056   44   0   0   0   320   0   0   0   81   0   648   6   0   0   747   0   0   0   486   394   632   0   948   5   0   0   0   83   0   9   0   0   27   3445   7   46   7   0   0   0   330   36   908   0   948   0   0   39   0   0   139   0   0   0   80   39   0   298   0   0   0   0   0   0   0   0   27   30   0   0   427   266   0   0   8   0   0   871   5   
88   0   0   0   0   1143   0   236   182   0   0   0   1057   2   0   0   0   0   14   8   0   2532   0   0   0   394   0   0   0   132   0   258   0   0   144   2   0   0   0   43   0   0   27   6   0   0   0   0   3   0   0   1   459   4   14   0   0   1   0   305   0   0   4   83   1484   52   0   63   7   0   0   0   115   0   218   9394   0   0   2173   384   0   72   59   0   102   0   154   0   0   0   0   0   814   0   974   8   0   0   0   85   70   0   0   147   80   450   525   0   0   0   
337   0   0   0   0   0   155   0   6396   402   0   0   95   0   339   32   6006   3   0   825   0   0   0   146   0   0   0   1875   0   19   0   0   1293   0   0   271   95   67   0   0   0   12   7   0   3287   0   908   7735   39   0   1   0   0   59   0   208   375   0   0   0   0   136   63   0   125   0   0   0   0   1   24   744   0   1   0   18   0   6   52   69   0   0   74   0   0   1869   0   0   0   0   18   0   40   0   0   0   14   81   91   0   41   243   0   0   0   0   38   0   815   0   
0   0   402   65   2851   10   91   52   0   0   0   0   756   0   0   1273   0   0   0   0   179   6   0   11   0   338   0   17   0   17   0   6   0   0   0   24   0   0   0   815   0   0   6024   0   169   0   5   0   183   0   0   0   0   0   0   34   41   130   0   0   0   0   0   4   305   0   50   0   0   8   0   0   0   0   0   82   3287   23   0   0   21   18   0   5005   189   0   0   0   0   0   0   19   38   0   0   79   18   0   7   0   0   0   76   14567   0   0   0   305   0   0   
0   0   0   11   0   0   2   0   13934   0   0   0   0   0   2   0   69   0   19   0   39   0   0   0   10   0   2   0   1949   0   0   0   0   11   0   44   0   0   0   0   19   0   409   0   0   0   38   0   820   0   0   0   0   0   0   0   0   0   940   0   0   0   0   0   0   0   0   5055   0   304   21   0   1   0   0   0   0   130   0   0   0   8   0   0   78   0   0   1300   0   9   7   0   14   6   4   0   0   0   0   682   228   0   0   16   0   34   5   0   37   0   
0   3   0   0   3   0   3   24   0   0   0   0   45   0   312   908   0   0   0   3   0   0   0   0   305   0   14   18   0   0   13934   0   2173   0   17   0   0   0   83   0   0   0   0   5   0   0   0   0   16   0   0   55   0   0   0   0   3   3   0   3   168   0   0   878   0   0   672   648   0   0   0   0   0   14   23   0   0   220   3036   0   27   0   27   0   0   39   146   488   5   0   6928   276   54   6   0   0   14   0   0   62   0   0   0   0   0   3969   0   352   0   7   
0   0   16   98   244   39   0   0   26   0   0   0   0   0   0   3   0   672   179   0   0   0   33   0   0   0   127   148   87   0   0   83   0   0   0   9   0   0   9   45   23   20   339   0   19   5   0   37   0   193   0   69   1059   390   0   0   0   0   0   0   0   0   0   0   0   43   69   260   0   0   0   2   86   14   0   0   0   734   387   3   0   43   0   4   66   140   948   0   0   0   0   0   871   0   59   1168   0   0   4   2   325   0   0   22   0   0   1   642   9436   0   
0   0   12   0   0   0   0   0   0   0   0   0   0   571   193   0   472   0   0   244   0   0   0   0   0   0   0   0   0   0   0   0   2   0   0   220   0   0   0   17   0   7   0   218   0   645   228   118   115   4   0   0   0   0   0   83   0   0   0   0   0   47   4   14   0   3209   0   75   0   0   6928   66   221   0   3   0   0   0   61   0   3209   0   82   0   0   1895   0   0   0   0   1715   409   706   16   556   76   0   0   0   0   0   0   19   178   0   91   0   14567   0   51   
5   0   0   158   138   193   26   571   0   0   0   0   200   2   0   2   0   1381   26   0   0   85   36   0   200   75   0   0   0   2   85   33   35   1960   0   21   0   183   21   95   0   0   0   0   249   1114   0   0   258   0   0   0   0   14   17   0   54   59   0   0   0   3   0   54   97   0   0   8   2333   0   0   0   756   0   0   0   0   176   405   75   118   0   0   13   39   0   0   0   0   56   1   0   266   0   0   0   0   0   7   0   4   0   0   0   14   0   0   0   0   0   
147   0   748   77   0   525   0   234   405   66   64   747   0   0   747   0   0   251   0   244   0   143   2   19   0   33   0   0   0   158   593   0   0   320   0   0   0   0   10   0   99   0   54   0   0   0   0   0   100   0   708   465   0   0   0   2   0   18   321   0   0   1549   0   0   54   0   0   104   0   37   0   6396   0   362   0   0   45   394   0   0   0   0   0   878   15285   22   60   1097   13788   0   2   0   39   0   0   0   45   0   0   0   0   23   68   155   0   349   0   0   0   0   
2   0   0   1925   13   0   22   41   0   0   0   0   0   0   0   0   17   9   0   0   12   4   144   13   10   0   508   0   0   0   21   13934   1   0   8   0   2   339   69   167   0   0   0   24   0   7123   0   640   0   109   15285   11   0   0   0   0   39   0   33   0   249   0   523   640   0   0   8   0   0   176   55   46   0   1   11779   0   0   0   0   0   391   0   0   14   59   203   0   670   42   389   0   10   0   231   330   0   93   0   0   1   0   0   0   61   0   35   21   118   106   44   
81   0   2851   0   143   2851   62   0   0   0   0   16   0   0   0   0   0   0   73   0   0   60   0   1238   0   0   122   4   0   0   0   0   1209   0   0   0   0   141   0   5   0   115   17328   1300   0   0   0   23   42   0   0   0   0   0   0   0   0   7   0   954   0   36   7   34   0   27   0   409   0   0   0   14   1   2858   12244   4   0   0   0   20   0   39   0   0   0   5   6   1097   0   0   0   0   0   3   0   0   0   147   582   176   46   3   0   18   0   0   0   30   0   0   
0   0   0   0   3209   0   954   0   0   7   0   95   23   0   44   3287   0   1   0   0   11   361   320   2   0   0   0   0   0   0   2   1   0   679   15   0   0   0   351   0   1   0   0   0   0   125   178   0   0   51   0   21   50   0   68   682   0   0   0   8   1   0   6   193   0   0   178   97   0   0   350   3   50   0   11   459   2505   0   61   0   23   13   0   0   0   0   8   0   0   0   0   0   0   64   492   0   384   0   102   814   3   0   160   0   266   45   21   0   678   312   
1   2   0   2   248   0   815   0   0   672   109   210   0   4   0   352   0   98   54   24   15   0   60   0   0   3   2   0   0   0   0   59   0   0   1168   0   0   0   73   201   0   191   39   0   8452   0   0   6   0   0   357   0   0   0   0   6   0   49   0   0   0   0   2   0   0   0   0   0   0   0   0   1381   0   1590   0   0   6928   78   1018   318   0   0   908   0   0   0   12   64   472   0   337   0   14   0   88   231   0   0   0   0   11   70   0   318   93   0   0   0   0   0   
0   16   69   81   0   5812   27   0   0   0   0   0   0   0   0   871   0   0   0   0   0   337   54   11   0   0   54   0   0   402   179   2   0   12244   85   15   99   1   167   0   195   0   0   0   0   0   0   69   16556   435   0   0   183   0   1   0   17   167   4100   0   0   17   571   0   8   136   0   0   0   525   0   0   20   0   51   3   0   51602   0   0   109   0   0   0   12   33   135   10   0   622   266   348   0   0   99   0   0   6   0   0   0   0   64   7   30   186   0   5812   0   0   
0   0   13   41   0   29   0   0   0   0   17328   0   0   5055   0   0   5005   0   0   0   1875   0   19   0   2712   186   6   0   0   0   0   0   0   0   0   0   0   121   0   594   0   318   0   0   8   0   0   0   0   0   0   65   0   0   2959   348   41   0   0   0   0   0   93   17   0   6   0   0   59   1114   0   33   0   0   4   0   12   59   0   1   0   0   0   0   0   318   0   1549   3   0   258   193   0   734   0   0   459   0   0   43   0   0   17   11779   0   0   16   0   33   2   
0   0   0   0   940   0   1781   0   271   0   0   54   0   0   1   0   9   0   1   104   0   2   11   0   15   0   96   0   0   23   0   22   0   10804   0   11779   0   44   0   0   0   61   798   0   54   0   0   756   3   5   6   0   0   2109   1   4   0   0   330   136   0   6   0   0   0   112   0   0   352   0   228   2   0   0   118   0   81   276   339   9   871   203   0   0   147   6   178   10   974   15   0   0   92   40   193   34   0   1   878   0   0   0   4   5   0   0   0   390   183   0   
146   312   91   38   0   0   0   0   0   5732   33   384   2   0   0   0   8   804   0   0   175   0   247   210   0   0   0   0   0   0   645   121   0   237   0   10   325   5   7   0   0   0   0   69   0   2   5   0   12   0   0   0   0   0   0   1   0   10804   195   61   1122   189   831   0   31   0   41   0   0   0   0   43   0   0   0   0   0   0   43   0   3   0   1168   1114   0   2   176   973   43   1   0   0   33   1   160   0   0   0   0   0   8   0   0   795   0   56   221   0   189   120   
0   0   0   36   0   6   0   0   0   1   0   0   0   0   30   5005   5055   0   0   17328   14   0   0   6   330   4   6   62   0   0   97   7   3   3   0   81   195   0   341   1   23   117   0   109   85   0   0   0   0   1   4   3   0   0   43   0   0   0   0   0   0   17   9   385   0   0   0   82   11779   0   0   0   7   0   136   0   0   1   203   16556   73   7   0   2   0   0   62   0   668   6   339   0   5   1   0   0   80   9   0   0   0   16   0   3669   0   0   0   1   0   0   
0   640   0   5   0   0   0   0   0   0   0   8   312   32   0   0   0   0   0   3   0   161   0   102   0   0   0   0   0   0   0   5   14   21   0   6928   8   0   0   141   6   35   0   0   0   679   0   2   0   0   322   0   0   39   0   0   213   0   59   137   2959   0   3   0   0   1300   0   7735   0   0   0   3209   0   0   0   0   0   0   0   0   0   0   0   0   0   0   266   0   33   0   0   10   0   337   544   0   0   7097   0   0   0   0   1989   0   13   0   0   3036   0   0   
2   74   0   0   547   70   0   0   9   17   6   0   9   0   176   3   1259   8   5   97   63   525   0   0   8   0   137   0   0   0   45   0   0   0   0   0   0   14567   0   0   31   0   0   15285   0   661   0   0   21   0   0   0   11   0   0   0   0   18   40   0   0   19   0   0   0   73   86   0   0   208   0   390   18   0   0   7   44   0   0   15285   0   50   280   1300   0   137   19   0   0   2   559   1   70   0   350   0   590   9453   0   0   1   0   0   0   0   0   0   0   266   0   
2   148   338   231   0   0   0   0   0   154   0   0   96   91   0   0   0   0   0   191   0   0   2333   126   15285   0   0   5   0   281   88   0   0   0   271   0   55   2827   0   91   0   0   0   7   523   136   23   0   954   357   266   590   130   4   8   4   0   0   0   7735   0   0   0   305   56   0   33   0   464   0   0   29   0   10   476   0   2   176   0   0   0   0   95   0   0   9394   0   62   0   168   0   0   0   0   0   0   0   338   0   0   0   9   0   0   4   117   7   39   10   0   
0   3   0   0   132   0   0   0   49   0   4814   0   407   30   0   0   0   640   465   826   0   0   3   1   0   0   0   0   648   0   2333   103   6   44   7   0   6   75   0   0   0   0   262   422   208   352   105   0   0   2   0   875   2827   706   593   243   0   45   33   0   0   407   12   26   3   650   0   0   3036   40   0   0   0   2   3   59   183   18   201   0   15   0   350   0   0   0   0   0   0   29   1108   0   0   0   0   0   826   0   1798   29   0   44   0   1   0   16   35   12   24   79   
0   0   0   22   36   0   0   18   0   5   44   0   0   4   108   210   0   0   0   0   0   0   234   0   402   748   357   0   0   0   28   21   875   83   0   0   24   0   0   0   0   0   0   179   69   21   69   1   228   318   39   0   0   0   144   0   354   88   34   69   0   871   104   3400   0   2   0   0   51602   5   33   428   55   0   13   0   130   0   0   3445   0   5   62   0   0   43   2   0   0   734   0   1542   0   16   0   8   1   0   0   0   18   0   0   3   45   0   56   176   0   0   
0   0   0   178   974   0   1   0   0   0   0   0   0   3   0   0   0   73   8   14   38   0   10   0   0   0   0   0   0   312   16   0   22   0   0   0   100   0   312   0   24   97   72   264   148   126   0   1238   0   82   0   2331   0   38   1138   0   0   0   231   4   0   0   23   0   1621   1968   0   2858   0   11   37   0   387   0   193   4   3400   0   1   415   76   0   75   266   0   0   31   260   59   0   0   0   12   63   0   0   4   0   0   0   27   0   0   4   14   0   559   825   0   0   
1   5812   0   27   103   21   1300   7097   0   0   0   176   14   141   0   0   0   2   0   0   0   0   0   0   2   0   0   544   5812   0   3   0   6   0   0   0   0   0   10   0   0   3   0   994   0   95   2   0   13934   0   0   0   1484   56   244   6   2   483   1727   0   279   0   2   0   0   0   18959   0   2959   0   405   0   0   8   0   18   0   0   27   0   0   8   0   109   335   382   49   0   0   8   0   0   0   42   0   60   0   4   0   871   0   0   0   0   318   0   121   127   0   330   
21   0   0   1647   0   0   0   0   0   0   0   0   3   13788   95   672   21   0   6396   178   189   338   0   0   0   81   2   0   871   4   0   5   0   0   0   31   0   0   0   4   0   115   0   30   0   0   0   3   0   31   0   12   15   0   0   0   154   0   17328   1014   0   6   0   0   0   0   16   0   0   0   0   2   1789   49   91   12   5   60   0   0   0   0   384   0   0   4   3   0   109   34   0   2   0   45   0   81   41   7   0   0   1   0   2   0   75   0   1715   384   0   2173   
11   678   0   9   0   0   17   387   318   0   0   0   0   0   0   1059   0   1097   0   0   19   476   0   0   64   22   2056   0   1306   1097   0   17   144   0   678   0   341   4   8   104   0   203   0   1   0   0   0   0   0   0   35   83   36   54   5   100   0   7   0   0   0   0   0   2   3669   0   0   0   14567   338   0   0   337   593   0   384   109   330   1   69   69   3   199   814   0   7   0   545   706   804   66   0   147   59   77   36   183   4   0   0   0   213   0   0   11   8   86   126   338   5055   
0   0   82   0   0   80   0   0   1   27   0   0   6   0   0   804   6   0   199   39   0   0   756   0   0   0   0   0   0   0   0   83   41   0   0   0   0   0   0   1484   44   0   5   0   0   119   98   67   0   0   0   0   486   0   6024   0   0   0   304   0   525   0   0   19   0   1273   0   6   0   8   0   0   0   0   5   0   4   127   1875   0   122   1   0   391   65   0   0   0   2   0   0   4   0   28   50   0   0   94   0   0   2   167   136   0   0   2   0   23   0   594   
0   92   38   147   2173   132   0   140   6   147   0   0   74   0   5   119   0   0   4   0   0   825   1875   0   43   0   0   0   0   27   0   85   0   11   2   0   4   33   0   0   0   46   0   0   0   0   18   4   119   320   136   0   2   0   2109   0   17328   0   0   12   30   0   0   38   1   0   3   0   5   0   0   419   14   0   0   0   1114   0   17   3   1484   0   218   39   0   38   0   35   0   0   0   974   0   1258   3   0   387   0   0   0   70   0   312   88   9   20   14   15   0   0   
6   0   2858   0   747   21   0   0   75   0   1381   3   4   0   0   13788   39   744   203   1097   0   6   5   0   5   6   4   0   103   0   0   0   0   0   0   66   247   0   0   54   0   0   347   0   0   0   65   0   0   0   0   0   91   0   1715   27   0   1   4814   1688   0   0   2   155   12244   556   0   6   5005   0   0   0   43   42   0   2   1   0   0   8   231   183   3   305   559   81   10804   0   132   0   32   4   0   2   5   0   3036   0   1   0   0   0   21   0   0   8   23   16   0   7   
0   4   0   0   0   6928   69   0   1   5   0   0   402   0   3209   0   0   0   121   0   0   0   0   0   216   0   0   0   6006   42   8452   0   0   0   1   130   0   55   0   0   18   2   136   0   0   0   3   312   0   0   2   0   0   88   0   0   0   0   208   60   0   0   0   0   70   794   0   0   0   1949   7   34   0   747   0   670   0   0   1018   20   0   5   2057   0   0   168   69   0   0   1   0   0   35   75   795   148   0   0   0   0   39   0   974   193   0   0   0   0   23   0   
17   525   0   0   0   0   1688   0   89   149   4   1   0   4   20   0   0   7   3   203   0   249   0   0   0   405   0   0   143   0   0   1798   0   66   39   0   1   0   0   435   0   0   66   144   81   54   0   0   0   51   43   7   0   132   2   0   96   4   83   6   0   0   0   1   0   0   345   450   0   0   55   0   0   0   178   36   0   2858   394   11   16   99   5   2057   111   0   4100   1   0   0   14   0   2   130   27   0   330   0   1715   19   199   4100   405   42   4   0   0   19   0   0   
0   0   14   17   422   40   0   0   7   0   0   0   545   0   0   97   34   0   22   0   0   1273   0   0   78   12   64   0   0   8   0   63   0   0   39   0   0   40   0   734   0   0   734   13788   0   183   1238   0   143   0   0   0   28   1   3   0   0   40   103   1108   322   0   0   574   0   2959   0   1273   23   118   0   122   0   0   285   0   0   102   21   871   0   57   20   0   85   266   0   0   6928   1381   0   0   0   149   0   2827   0   218   5077   0   0   0   62   5   0   0   0   0   1   0   
62   20   0   0   0   0   35   492   0   12   0   0   4   492   1895   0   0   2   4   0   0   3209   5005   0   0   0   0   0   5   1086   6   0   75   0   21   0   195   1306   169   10   176   0   72   0   21   8   0   1   5077   0   0   0   0   0   878   0   354   0   0   186   0   0   908   0   12   5812   0   0   5   4   0   0   0   8452   18959   0   826   0   831   23   61   12   1   0   0   22   0   3164   0   2669   0   0   0   0   0   0   0   0   0   0   19   0   0   0   0   0   167   0   0   45   
0   0   0   13   0   0   141   1   0   16   1   556   0   0   0   0   163   1686   0   0   0   55   2   0   0   0   0   0   0   0   0   201   387   0   0   0   0   18   0   312   0   0   0   0   67   0   0   0   0   0   203   1   0   0   321   72   16   18   0   0   0   0   82   73   40   0   72   0   0   11   0   1688   1960   0   298   176   14   0   0   18   0   1258   0   0   0   3   19   179   44   0   708   1108   0   59   2   0   0   0   1   8452   0   163   0   109   0   13   0   0   335   9   
140   2333   24   7   0   0   39   55   0   0   0   3   0   4   0   10   0   0   0   163   98   0   1059   0   1   0   9   111   87   0   0   0   0   0   0   0   0   0   0   176   338   0   0   0   247   0   234   0   0   23   6   0   0   8   0   650   0   0   476   17   264   0   0   0   0   27   387   0   66   87   0   0   0   0   0   0   100   0   0   0   61   0   0   0   0   0   237   247   5   1   83   0   7   0   0   2   321   0   726   9   0   0   338   31   0   69   1300   1960   0   0   
5732   0   0   0   75   3   0   0   0   248   0   0   244   0   193   0   49   0   0   0   428   62   248   114   0   18   0   6172   0   1114   2858   1   115   19   2056   0   0   0   0   0   0   0   0   0   0   0   0   571   12   7097   9   260   1258   11   0   9   567   0   0   199   399   23   0   0   193   0   3   0   0   4   2   0   394   3   0   973   0   1168   34   0   0   73   0   0   0   0   154   0   5   18   3615   102   33   11   0   0   163   260   0   0   13   0   0   0   0   0   747   0   0   0   
706   0   0   826   109   167   64   0   0   0   0   0   12   78   19   64   0   871   795   0   1   0   23   0   122   0   0   0   266   4   304   82   0   279   0   476   0   0   35   0   1057   0   0   0   14   0   12   4   0   0   0   0   6   0   4   24   0   4814   223   0   0   0   0   17   0   0   14   49   228   5812   0   3209   0   39   0   0   0   0   0   0   33   0   433   108   0   172   391   0   183   0   45   33   0   10   147   0   387   2   160   3095   0   0   0   127   574   0   0   0   5   0   
23   0   741   1238   0   130   74   148   0   0   0   39   0   5812   0   105   0   0   30   0   815   42   55   0   0   3669   0   0   9436   0   567   0   0   0   99   6070   0   0   59   6   0   0   0   0   0   831   31   0   1258   0   0   3   3   0   0   54   1   34   0   0   36   0   17328   0   0   0   0   69   706   0   0   0   0   23   0   0   5   13   38   0   0   42   5   62   0   208   0   6   0   220   0   6024   0   0   0   0   0   593   43   0   0   149   0   0   1989   0   593   0   0   341   
0   0   218   0   0   0   0   0   0   0   2   474   0   0   3   0   12   0   0   0   39   79   0   1715   0   0   3669   354   354   0   0   0   0   5   28   0   0   0   138   0   672   0   0   0   476   0   118   0   7   347   974   1   8452   0   0   0   0   2851   0   48   21   0   23   0   0   0   0   0   0   679   0   576   0   0   7   321   41   23   0   0   56   0   0   16556   0   0   0   508   0   347   0   0   357   0   109   871   0   0   0   0   19   0   535   0   2   0   815   5   0   0   
0   0   115   13   3   0   5   15   0   114   940   322   0   4   0   0   0   0   0   2   44   0   390   242   0   0   0   0   0   203   0   0   111   0   2   0   0   0   0   8   4   168   0   3   1300   66   0   0   17   0   0   0   0   0   10   0   2056   0   0   147   0   3   0   744   0   0   264   0   20   0   11   0   29   3669   0   0   5   9   21   12   0   0   237   0   0   208   281   0   0   0   0   2505   0   0   136   0   0   0   0   19   60   10170   0   0   4591   32   304   117   0   829   
0   82   756   0   0   645   0   0   1   45   1153   0   70   54   0   0   0   0   0   0   1542   0   2331   0   193   0   0   0   0   34   0   0   4   0   0   0   305   0   34   1   1   0   0   0   0   0   260   0   387   0   3   0   0   49   0   1688   640   0   27   20   0   0   9   2239   0   525   0   69   189   0   0   0   69   1   0   2127   0   2   0   0   76   5   2   0   1108   349   7   0   0   0   0   0   105   361   33   0   17   1647   4   0   361   14   0   0   82   0   0   0   0   56   
0   0   814   0   4   7   0   3615   11   0   122   0   0   0   0   0   362   89   0   52   44   8   0   0   655   266   357   127   0   193   0   3164   15285   0   200   0   0   0   0   387   189   0   75   8   155   0   0   6172   96   3969   0   0   0   0   8   0   0   0   0   0   0   0   4   1647   361   0   32   33   394   1   22   0   556   3669   0   4   0   0   4   0   0   21   0   92   0   120   391   655   28   0   12   171   0   78   13   0   0   0   0   0   0   0   6   0   0   0   23   280   5   24   
0   66   0   0   0   0   0   0   0   0   0   0   13   11   4100   0   49   871   0   0   0   0   0   1209   0   0   0   0   21   24   41   13   0   242   2505   3   203   0   27   0   0   45   350   0   0   0   0   0   0   0   486   7   12   0   0   195   15   679   85   0   0   0   0   0   7   2   672   0   0   795   208   0   81   138   0   0   0   0   262   49   0   0   0   19   9   0   41   0   0   617   1715   0   0   0   0   9   0   0   0   15   1114   0   0   0   0   139   829   0   0   0   
0   1895   4   0   5005   14   0   56   0   4   0   8   3   14   61   0   0   0   0   0   0   826   0   0   55   39   1   0   0   0   1059   0   0   0   0   0   0   50   210   145   0   74   96   10   0   0   3287   0   36   0   0   756   109   0   40   0   0   145   82   0   0   0   0   0   96   330   0   1   0   0   3036   4   0   60   0   69   0   0   1686   39   624   11   0   19   0   313   0   1590   0   0   337   0   0   0   280   29   0   0   54   13   0   0   0   0   113   0   0   1989   0   0   
0   0   0   391   0   348   0   6   0   0   130   0   1   91   0   0   17   0   0   0   74   3   0   0   89   0   0   75   11   17328   0   0   3400   0   0   0   0   14   0   1014   143   0   0   60   1895   0   1869   0   8   0   0   0   96   0   161   525   0   40   0   0   0   0   0   0   0   435   0   0   0   3445   7   21   0   10170   5   0   59   3   0   0   32   0   0   361   27   525   189   0   0   0   8   4   0   4100   0   0   0   92   251   1925   75   0   5   0   0   0   0   0   0   177   
183   547   0   576   0   21   305   0   5   23   0   0   0   40   0   0   18   0   0   0   0   0   148   0   0   7   0   0   5   0   0   0   0   0   0   0   0   0   798   7   36   16556   0   0   10   280   59   0   825   387   0   5   0   0   2057   321   3969   39   508   0   0   43   0   0   0   0   0   0   0   0   73   27   44   0   0   1686   0   0   7   0   244   20   43   419   0   0   147   0   125   0   18   0   1989   0   0   195   8   0   0   130   0   0   1   39   0   1306   0   0   0   218   
148   0   0   1925   2   3   0   0   384   12   1968   0   6006   0   0   5   9   5   0   113   347   0   0   0   0   81   75   82   0   0   6   0   2   62   8   0   0   0   0   0   0   0   0   0   63   0   228   0   0   0   0   0   178   0   576   0   78   0   0   321   351   279   0   27   22   14   0   0   0   0   741   0   4   0   0   0   0   0   0   338   1147   0   0   35   0   4   132   3   0   271   5   0   0   0   30   68   0   744   0   0   50   17   0   0   132   0   0   0   0   0   
4   0   108   0   0   0   0   0   0   0   0   1484   0   0   118   0   0   7   98   0   109   2   0   0   52   1097   6   0   0   0   0   0   3   422   9453   130   208   5   5   0   0   7   350   815   0   0   0   105   0   0   0   0   0   0   33   2   0   0   0   23   0   37   0   0   0   0   1300   44   8   399   0   55   0   679   19   68   158   0   77   1590   0   1153   0   0   0   0   0   357   0   145   0   0   0   0   0   109   115   0   35   21   0   0   0   96   0   5   0   0   0   0   
0   0   0   19   472   3969   0   9   3095   341   0   59   744   0   0   48   0   195   0   136   0   0   55   0   0   0   50   1   1   6   483   0   144   83   32   2180   81   0   829   0   0   208   640   0   0   36   0   1138   9   0   0   63   0   0   5   338   213   147   0   0   11779   47   136   1239   1   109   0   0   126   0   1306   4814   2   0   0   734   1057   350   0   109   0   0   7   0   0   0   0   5812   0   974   0   0   221   0   0   60   1   50   3   0   0   0   2034   0   0   34   0   0   1238   132   
0   0   0   0   0   96   682   0   27   9436   74   450   0   0   179   136   0   38   0   0   88   427   0   0   0   7   0   149   4   0   0   0   2   45   0   18   145   0   1989   0   0   0   0   0   18959   545   81   0   0   672   0   0   0   13   0   13934   313   12244   0   228   122   0   12   3287   213   82   96   2   409   0   77   14   0   87   0   0   1949   80   0   0   0   5   0   48   200   0   0   189   0   8   0   118   0   826   0   0   0   109   0   483   672   0   734   384   0   3   104   0   0   8   
0   0   0   5   0   20   0   0   0   0   5   0   0   0   0   0   43   0   0   545   24   231   576   228   0   0   0   14   0   744   7   113   0   20   0   0   118   0   6   1138   474   0   0   0   10   0   0   0   492   0   0   2   0   19   0   1   83   0   7   488   298   0   0   14   0   0   39   419   1   82   49   9   0   23   83   0   0   0   338   0   2   82   115   22   0   0   0   11   107   21   119   0   0   0   0   312   0   0   105   645   0   2333   0   3287   119   0   0   0   0   0   
