110
0   76   0   0   0   0   0   0   0   7895   0   382   0   190   1   9   2880   0   262   762   914   852   18   0   1529   259   0   54   0   0   0   0   0   0   0   4103   268   0   0   0   0   0   0   14   2170   0   18   0   1384   82   0   0   0   0   0   0   0   1227   0   0   1299   0   287   0   0   0   0   0   0   0   0   13973   1425   0   0   0   0   570   0   0   36   0   0   222   313   79   0   0   0   0   0   0   7   1   0   0   0   0   502   552   0   0   0   0   0   5984   0   172   1210   14   
29   0   0   0   1   0   0   0   0   0   0   0   26   0   0   5   0   0   0   0   0   0   0   89   0   0   0   26   33   15   0   239   2816   0   151   897   241   0   21   7   232   63   40   544   0   0   5   0   0   0   1134   0   0   0   848   0   0   5   3885   0   0   127   0   0   0   0   69   0   0   1   0   0   596   0   101   0   1041   0   0   0   70   0   2   0   0   82   0   223   0   0   0   46   0   0   3177   29   0   102   0   888   0   12   5   0   0   137   0   0   0   0   
45   3   0   0   0   0   385   1414   0   0   0   52   0   0   23   0   7976   2   0   0   750   0   0   680   0   0   0   3   0   0   0   0   0   0   7976   0   0   382   0   20   31   0   7662   0   447   332   0   2   0   0   529   0   327   0   160   0   245   0   0   0   0   0   89   181   0   1849   0   1840   0   1   0   38   109   0   0   0   0   0   0   0   0   0   0   0   0   3   25   5270   4   0   0   0   43   105   43   641   0   13   0   575   287   0   0   0   0   0   0   0   0   0   
0   0   0   0   0   123   0   0   0   0   0   0   3   0   0   0   7662   0   987   0   0   0   0   0   0   7   212   0   0   1875   0   0   0   1   0   0   1650   0   0   117   55   15   0   0   0   0   0   0   0   0   0   0   3603   287   0   0   272   6   4378   1041   0   0   1   81   0   638   0   0   95   0   897   306   197   0   1653   0   0   20   0   0   0   0   0   0   0   3504   0   0   0   16728   0   0   363   0   0   0   0   25   0   5852   358   0   36   168   0   327   0   5852   529   0   
331   5   5   0   0   0   1218   0   0   0   61   3885   0   0   0   0   0   96   0   0   5   762   0   0   47   0   1624   7   44   0   0   0   0   0   0   0   0   0   0   1   0   0   0   0   6721   47   1   0   0   1075   0   0   0   7   2116   0   6   0   0   0   0   2484   40   0   0   0   1627   0   1650   2902   0   0   0   0   200   0   0   0   0   383   2577   0   0   0   0   0   224   0   0   0   2   0   0   136   31   0   0   0   0   0   0   92   0   212   0   0   0   63   1047   53   
0   104   0   0   0   0   0   22   0   22   0   0   0   0   15   0   205   0   0   81   0   0   2290   224   0   0   0   0   0   0   0   0   103   0   60   0   140   0   0   96   0   0   0   0   997   0   0   71   0   0   0   357   0   0   1804   0   0   0   0   0   44   0   0   232   350   839   3   0   0   0   174   0   34575   0   0   0   0   0   0   1087   0   0   3422   0   0   0   0   0   0   0   35   0   0   0   0   0   0   98   228   0   0   0   13973   0   0   0   0   41   15501   0   
125   0   0   0   0   0   0   0   15   57   44   0   506   0   3   381   0   0   9   0   43   0   0   272   2853   0   0   773   0   0   0   0   193   1612   0   0   0   38   0   0   0   304   22789   25   0   1   396   0   0   0   0   0   0   0   0   0   0   0   0   0   4103   19   0   0   0   0   641   0   0   0   1054   284   356   284   0   0   167   990   0   0   0   0   508   0   0   326   1683   1609   0   32   0   173   3   6888   0   0   0   0   147   272   0   0   0   0   0   0   0   0   0   0   
262   285   0   151   0   0   1075   0   221   0   10   262   0   1   0   0   888   0   0   6   0   0   2299   504   0   0   0   0   0   0   9   82   147   0   515   0   0   19   31   0   200   0   0   0   40   533   530   2484   0   50   390   0   128   0   0   114   0   0   0   567   0   0   7976   6721   0   3   236   0   0   114   0   0   0   0   0   220   0   756   1653   356   0   0   0   0   0   2004   60   0   45171   1529   186   0   0   808   0   0   73   0   445   0   0   0   22   3177   0   0   52   0   9   0   
0   0   0   0   76   15   987   0   0   257   0   0   15   0   0   0   237   0   0   268   0   0   1384   0   0   0   0   0   0   0   0   0   404   888   0   0   596   2391   254   0   0   0   0   0   38   558   0   990   126   61   0   0   0   0   1800   0   0   0   0   0   1218   4   0   8171   0   0   10740   1   190   82   0   45   171   0   0   0   0   0   1210   0   0   10   0   0   335   0   0   0   0   0   0   0   0   0   0   123   812   0   0   1   0   0   0   0   0   0   0   0   43   0   
0   0   0   0   0   0   48   0   0   0   27228   0   0   948   0   0   0   0   88   15   0   0   0   178   86   39   0   0   0   82   0   0   228   29   0   778   0   8925   0   55   0   0   1210   0   0   0   0   0   0   0   95   756   40   0   0   0   0   0   1982   160   0   16   0   0   0   3177   0   1840   914   0   0   64   0   0   0   50   0   94   372   0   0   144   0   0   409   174   0   0   375   0   150   22   0   0   96   0   0   887   0   0   0   147   223   0   5   53   0   66   1147   45   
0   0   729   0   0   0   0   0   3334   101   0   0   0   25   7875   412   0   20   0   100   424   0   264   1476   0   0   7   0   357   0   0   6   462   0   0   0   0   0   0   15501   0   140   0   0   797   15501   0   0   0   0   0   0   0   0   44   0   0   0   0   0   0   3   0   0   263   838   0   0   0   210   0   0   423   71   3   0   0   0   0   0   44   144   0   44   14   894   73   647   70   750   1706   0   0   77   45   0   0   0   0   0   356   54   0   0   0   0   997   47   0   28   
0   0   18   0   0   0   0   284   0   0   0   0   0   0   0   0   0   0   0   0   0   0   0   0   0   0   5984   0   0   23   156   0   232   0   0   0   9038   0   838   0   8   0   8   0   480   0   221   0   16   11   1998   447   0   515   0   0   0   7157   0   10535   0   0   2902   174   0   0   0   0   0   382   339   49   265   0   0   0   0   25   1   0   0   0   228   0   567   197   0   0   103   0   0   317   0   186   0   39   1025   0   0   0   1384   0   0   0   0   0   0   105   1800   3   
990   5852   0   1176   22   1   193   14   0   0   7   0   0   0   0   0   108   0   0   0   987   0   0   0   5   1   52   0   5   68   0   0   49   0   49   0   0   0   0   0   16   0   2   128   0   0   0   0   0   0   0   0   0   888   0   0   0   0   0   0   44   31   0   45   2170   1964   206   905   0   0   0   0   0   23   0   117   15   253   7   0   0   5   0   0   0   0   0   0   0   0   0   0   0   0   0   0   0   0   0   0   382   0   839   0   0   0   0   0   0   0   
0   0   117   0   1706   7806   0   93   0   0   1   0   897   0   0   0   223   0   0   0   0   0   0   0   544   2616   0   6   0   0   66   0   0   15   29   329   0   0   1   0   0   0   570   0   0   0   0   471   0   0   0   79   0   0   0   26   0   5   0   0   556   39   0   0   1066   0   0   808   7   0   0   0   0   0   0   0   0   0   103   905   8171   0   897   0   0   0   0   0   0   0   0   9   358   0   111   18   7   0   0   0   0   0   0   0   0   0   0   0   0   22   
0   0   0   82   0   2   0   0   0   15   0   3334   0   0   0   0   0   0   0   0   427   0   0   0   812   504   1   0   236   0   0   10   0   80   641   0   0   0   210   0   0   0   0   6   0   91482   0   0   111   0   0   1   0   33   93   0   0   0   0   18   0   0   1   237   263   0   0   221   1299   0   0   156   0   0   0   1079   0   0   0   38   0   781   0   0   2467   0   0   0   272   0   0   140   0   0   0   0   0   0   0   357   0   808   0   0   556   0   0   0   0   45   
3177   0   0   0   3334   89   1   888   781   0   260   0   0   0   0   0   0   6   0   0   0   0   194   302   0   0   471   5   124   813   0   221   0   75   641   0   0   0   254   13   232   0   0   0   0   0   350   92   0   0   0   0   111   0   0   0   0   0   296   0   412   15   0   340   0   818   296   0   0   222   897   0   232   190   77   0   117   0   0   95   1001   0   0   0   0   0   0   0   0   0   0   0   1487   6   0   317   0   1544   210   2004   0   20   1487   0   0   0   72   22   0   0   
0   0   0   0   0   0   0   462   0   223   0   163   339   39   838   0   0   0   0   529   30   30   92   0   0   0   0   34575   0   1   0   0   0   0   2200   0   592   0   0   647   0   0   0   0   0   0   0   0   0   672   0   32   0   838   1   0   409   88   4378   382   0   680   29566   0   0   0   1078   0   762   29566   0   122   0   368   0   2   0   0   0   0   263   0   0   0   0   0   905   93   2   0   0   0   0   0   0   0   0   95   515   0   0   0   224   0   42   662   0   0   0   0   
0   0   0   114   71   0   44   0   0   0   126   0   0   0   205   0   0   0   7662   0   0   0   0   0   0   7895   0   0   0   0   0   0   507   0   459   0   0   0   1087   0   0   3076   0   0   45   117   253   0   0   1   0   0   0   515   0   0   2   1   151   0   4   26   0   0   409   32   0   0   0   647   0   0   326   897   304   0   0   43   0   200   0   0   232   0   0   0   0   0   623   0   0   1   0   0   0   0   0   35   0   459   0   102   0   1292   0   0   0   0   0   0   
0   265   0   0   0   0   264   0   0   184   283   82   462   0   250   0   0   0   0   0   245   0   0   0   0   0   0   0   3   0   0   1   0   504   18   0   12279   148   0   449   0   0   148   0   0   0   0   0   0   6   0   0   0   0   0   0   672   0   894   0   0   0   105   0   647   0   897   0   0   193   0   91482   1487   0   284   0   0   897   1185   0   808   0   0   0   77   1212   150   0   0   0   0   750   0   0   32   1078   0   88   0   0   54   0   0   0   0   15   0   0   0   0   
0   0   0   117   272   0   33   0   135   8   0   0   0   0   0   0   0   30   0   0   0   1256   5073   44   272   0   0   0   0   0   0   0   151   0   3603   201   17   0   0   3885   1054   252   0   48   0   137   0   0   0   0   0   0   0   0   22   193   0   190   0   0   2   362   0   61   813   0   0   0   283   306   0   0   0   0   1   23   0   187   23   5   0   0   0   66   0   0   0   0   7976   0   30   0   0   462   0   0   127   38   0   0   0   886   5   104   47   0   332   15   0   0   
0   808   0   556   0   0   0   0   0   0   534   3760   0   16   0   0   0   285   0   0   0   241   349   4   0   356   800   0   0   0   0   0   260   350   76   0   0   0   2004   0   0   0   92   0   93   0   0   136   41   0   232   0   0   0   0   0   0   0   0   117   0   0   1612   0   2   888   163   0   0   0   0   257   0   0   0   313   0   0   0   0   0   0   10106   0   2004   12   335   0   0   0   0   0   3   0   0   0   0   0   0   0   0   0   100   0   0   0   0   0   0   0   
127   0   3   0   480   0   49   1   0   35   0   0   541   0   0   36   0   0   0   198   480   0   0   0   5   427   0   3   0   0   0   0   0   0   0   1334   63   894   19   0   0   0   0   0   9038   0   888   0   0   0   409   1   0   0   0   6   364   129   0   318   0   0   1079   4   0   22   25   1529   0   210   0   0   0   0   152   150   32   0   0   22   0   0   2290   0   1   0   0   0   2616   0   6   0   53   0   4   507   8   0   17   0   1   0   0   0   0   0   340   0   0   0   
0   1047   31   0   2   0   10106   31   0   30   0   0   0   0   0   0   7   0   6   0   0   0   0   101   232   0   0   0   914   0   26   0   71   0   0   15501   0   4490   0   0   1964   1047   35   0   71   0   285   0   35   29   680   0   3076   1   79   0   0   102   0   1964   2538   0   224   0   0   0   990   0   137   0   0   0   0   0   0   0   33   55   75   101   0   0   151   55   6   26   4490   114   3   6   221   11   0   0   0   0   886   30   0   0   948   0   45   58   46   43   396   0   0   1   
0   0   0   444   66   252   0   0   0   0   0   7   0   22   0   0   4   0   0   0   3504   41   82   0   682   0   0   0   0   0   0   43   71   0   76   0   0   99   0   2   70   0   424   18   871   0   3334   0   0   0   0   0   0   4   0   0   0   135   0   625   82   52   0   0   781   424   0   0   0   0   556   0   306   0   6888   0   0   0   263   1054   0   0   52   0   185   0   1   0   1001   1627   0   0   7976   0   0   0   15   0   0   404   0   0   0   0   0   1047   0   0   662   0   
0   0   0   174   0   0   0   0   0   0   0   27635   0   144   15   0   0   0   218   5   5270   317   0   0   0   0   0   0   0   0   1681   0   0   0   0   77   32   0   0   0   48   0   0   0   838   0   0   818   0   1326   1496   0   0   0   528   0   0   142   0   0   0   0   0   2577   83   6   0   0   0   7782   1   0   0   0   2170   8925   0   9   0   0   530   0   0   0   128   0   0   5   0   0   0   0   263   35   0   0   0   0   0   0   0   0   0   682   0   0   0   0   0   0   
0   0   0   312   405   8   0   0   0   55   0   0   0   217   0   0   0   0   0   0   0   9   0   114   356   0   0   0   0   0   508   3   0   2170   0   0   263   0   0   11   0   2902   0   0   130   0   9669   0   0   0   0   51   0   0   0   0   0   756   0   171   0   778   117   0   0   0   1609   0   187   0   0   0   10   0   0   532   0   0   970   0   0   0   13   0   0   0   0   533   808   96   45   0   0   0   0   0   1982   0   0   530   26   1185   21   0   0   0   0   9   0   0   
32   0   0   0   0   0   0   0   0   0   16728   0   0   19   36   23   0   0   0   117   0   0   0   9038   8   26   0   0   0   0   200   0   0   0   23   0   0   0   2200   0   0   0   245   405   0   672   0   0   221   0   0   1384   0   530   0   0   22   905   0   0   200   0   21   0   129   0   0   0   0   0   82   4   0   0   0   1075   888   0   103   507   20   68   147   0   0   0   0   68   0   0   0   638   5186   100   0   0   0   26   57   0   44   0   0   0   126   21   329   0   3   0   
151   707   0   0   0   0   0   0   0   114   0   0   0   423   0   50   0   0   0   0   0   0   45   7782   16   191   0   0   0   0   0   837   0   349   1326   0   0   0   1   0   1005   0   1025   15   0   7   0   0   0   0   122   4167   0   0   55   0   0   0   5   0   0   38   0   376   81   50   117   0   130   101   0   1703   505   1185   223   95   0   0   303   0   0   0   0   148   0   1   0   0   1212   0   94   0   0   0   351   19   5852   28   0   4490   5   0   0   0   0   0   0   239   504   0   
0   316   16   221   0   0   502   0   101   848   285   0   0   0   0   888   25   0   0   228   0   0   191   0   0   0   0   534   0   0   3603   15369   1227   383   533   72   0   4   0   0   260   0   0   0   0   95   0   530   0   1   0   0   0   0   0   39   0   1624   797   0   228   0   147   0   0   0   0   0   52   0   0   0   0   268   0   0   296   0   385   0   0   0   0   135   0   0   0   0   0   0   0   0   34575   0   80   480   0   0   43   0   0   0   0   0   0   0   0   156   0   257   
0   0   0   21   376   0   0   0   16   0   0   22   136   63   2065   0   0   0   0   0   19   0   0   0   1706   0   218   0   224   0   12   0   55   0   232   0   0   2853   381   0   0   37   0   0   0   736   0   0   1496   0   1998   0   0   0   0   2   0   808   0   0   0   0   0   0   0   0   0   193   0   0   2370   0   13   1227   96   0   970   0   905   3   0   0   2577   0   0   0   0   274   0   0   0   76   236   0   0   0   0   0   0   0   0   0   316   0   32   49   70   357   0   264   
48   43   0   61   71   0   0   0   0   13   0   10   0   0   0   0   0   0   29   0   1998   0   0   0   0   897   0   0   2616   0   0   0   0   812   0   0   0   115   0   45   38   2   331   0   0   1414   0   7   0   228   2   0   409   102   0   0   0   0   0   1476   276   0   0   0   0   193   0   0   58   0   33   38   0   0   9   15501   3076   32   0   0   1210   0   193   0   0   0   0   1496   0   381   0   0   0   0   0   52   150   0   284   32   662   3641   69   0   0   1194   0   0   1   2   
894   0   0   0   0   0   0   0   0   0   0   0   76   1706   29566   469   0   630   1087   117   21   0   0   128   0   0   1681   0   0   218   1496   0   0   852   0   0   530   0   0   0   161   0   0   1   0   0   0   0   0   0   0   0   1185   800   0   0   0   264   0   14   0   0   92   54   0   0   0   0   0   0   80   0   1079   0   0   15   0   0   0   0   0   0   136   0   1194   778   0   0   0   0   0   0   146   888   0   0   10106   0   187   808   0   2   73   1054   22   0   0   15   0   272   
0   385   19   0   0   164   304   0   886   0   0   0   0   541   1840   321   0   812   0   0   2538   7662   4103   0   0   0   405   0   0   0   0   326   0   107   1334   0   0   0   187   0   0   129   0   79   8   0   59   0   0   0   0   0   55   150   0   0   0   304   88   3   17   0   44   0   1185   3334   1   3   0   0   5186   0   140   186   0   0   0   0   0   0   731   92   0   0   0   530   7   18   2   262   0   0   0   0   0   0   0   0   148   0   0   0   130   1   0   54   0   0   0   0   
0   0   0   0   0   1650   0   0   0   0   0   0   236   0   39892   2170   0   530   0   0   0   55   236   98   0   0   30   7782   117   0   0   1134   0   0   0   0   0   0   0   2484   0   0   0   0   0   27635   1079   0   409   0   0   4   44   1   0   0   0   73   0   16   0   1681   409   0   0   0   0   0   0   0   129   1   778   0   0   0   0   0   0   46   0   2370   104   0   0   1929   1147   0   0   368   0   0   0   0   544   0   0   0   837   0   200   0   0   0   800   0   125   0   0   2   
0   0   0   212   0   54   0   0   0   20   21   0   0   0   0   0   232   0   2969   108   0   0   1653   0   0   505   115   0   0   105   0   0   0   0   0   0   0   528   0   894   1   19   0   263   0   0   0   205   0   0   0   0   5   0   0   57   0   0   0   0   0   0   0   0   54   0   0   0   0   0   0   0   0   17   18   13   0   232   36   405   0   0   200   0   0   0   272   638   2153   0   0   0   0   0   573   0   339   0   0   0   0   0   1210   0   263   0   144   0   818   0   
0   0   658   0   0   3   0   0   0   66   0   0   0   364   0   276   157   0   0   447   2   948   0   0   0   33   0   72   0   0   1218   0   530   0   6   0   1   38   0   2   0   0   0   39892   0   82   0   0   0   0   77   351   0   0   0   552   2391   363   3885   0   38   0   0   0   0   0   48   22   0   0   0   102   0   304   372   1627   0   335   0   31   0   0   0   0   897   0   2170   0   0   0   0   0   47   0   144   0   0   0   0   0   0   0   55   3   5   0   0   0   506   260   
0   0   0   0   1998   350   109   0   4   47   0   91   0   0   33   0   0   252   0   0   117   0   191   0   0   0   0   0   0   12   0   0   0   303   0   0   0   2   0   64   0   0   0   0   49   0   130   0   201   0   127   0   0   0   0   2577   0   0   0   0   0   23   769   0   0   0   0   0   0   254   0   0   0   0   362   0   0   7   53   0   47   17   0   0   0   0   0   5   0   0   75   0   0   9669   0   0   1   0   0   0   0   51   0   0   3   0   0   0   0   0   
3177   39   0   0   61   0   7157   0   0   0   148   0   16   71   0   187   2484   0   0   0   2   641   0   25   0   0   140   0   356   0   187   22   0   0   0   164   0   0   0   658   349   115   8   0   0   146   82   0   0   0   0   0   530   0   444   0   0   0   19   0   0   0   0   0   0   0   507   0   0   329   0   0   163   0   0   0   86   0   0   0   0   0   92   0   0   101   0   0   0   507   0   0   0   0   0   0   0   0   0   0   682   0   0   0   0   0   0   10   0   148   
61   0   0   1   0   0   89   0   0   0   0   4103   0   4490   0   0   0   0   0   0   0   0   0   0   0   0   914   905   0   888   0   0   73   0   77   0   71   0   0   0   0   250   0   0   350   0   0   984   13   0   0   534   0   0   0   0   259   38   16   0   0   897   16   0   0   0   0   0   0   0   0   0   0   0   0   592   0   0   0   1612   0   0   0   0   0   0   0   0   0   0   0   800   0   86   0   0   0   0   187   0   0   0   0   0   0   0   0   0   0   0   
1078   0   0   0   0   7806   0   0   0   0   64   107   0   0   0   0   0   191   1   0   107   29   76   887   253   0   0   0   0   625   0   191   0   0   321   0   1066   0   42   0   0   0   0   0   0   0   412   66   60   80   0   45   0   0   0   0   0   0   0   1   0   317   0   0   212   729   0   1   0   0   0   0   9038   1   0   0   2065   0   1   228   0   0   0   0   1066   0   0   15   181   0   0   272   0   0   0   0   53   0   0   0   0   0   50   263   8   0   29   0   257   0   
0   2   0   0   0   0   0   64   0   0   0   0   0   0   818   2004   0   0   0   0   0   29   58   0   0   0   77   1849   0   0   265   0   0   0   0   1624   0   0   0   0   0   39   6721   160   0   23   43   102   0   0   45   0   0   0   0   0   363   236   36   0   0   16   0   0   0   0   99   0   638   0   0   0   27635   0   0   17   1   0   0   0   0   0   0   762   0   0   0   0   0   0   8   3603   0   0   0   0   505   553   0   129   0   69   0   0   0   0   0   39   0   0   
2   0   0   210   0   4   0   23   0   0   0   0   0   0   573   0   0   151   0   0   0   0   0   0   0   93   0   0   0   0   4167   0   1134   43   0   0   3641   623   0   0   0   0   0   372   47   0   0   0   23   0   0   0   0   0   253   0   0   0   0   729   0   0   0   335   142   82   0   88   0   0   0   1198   0   0   1983   0   0   0   0   152   0   35   191   0   914   8   0   21   0   0   507   0   0   1212   0   0   0   187   0   553   245   3   1   350   0   3603   2   91   0   272   
23   222   7662   0   0   0   0   0   0   0   0   0   0   0   0   0   0   0   0   57   0   0   0   0   0   86   0   35   38   0   54   0   0   3076   0   0   0   0   18   1929   0   0   0   0   0   0   363   0   0   0   507   0   0   0   0   0   12   0   0   15   0   29   0   0   0   0   888   0   0   0   0   144   0   0   0   0   0   0   0   0   0   20   2370   0   0   0   52   385   0   672   0   2299   0   0   0   0   81   0   23   0   987   0   3   14   0   0   15501   0   64   0   
0   0   236   0   372   0   0   0   0   0   0   507   0   1054   0   1176   40   60   1176   105   0   0   47   0   0   0   0   0   23   0   0   0   0   0   0   0   762   383   0   7662   0   0   0   0   0   0   0   0   2   0   36   0   1210   0   0   0   0   21   0   0   21   32   57   0   729   0   5   0   852   144   0   0   1800   1957   0   0   839   1998   0   0   0   5   0   0   0   0   321   0   272   0   0   0   0   0   382   0   0   812   0   0   0   0   0   0   0   4   0   0   0   0   
0   0   69   412   0   0   137   1544   0   0   886   15   0   0   263   39892   0   32   0   0   658   0   115   76   0   0   0   0   0   0   0   0   12   570   0   0   385   7806   0   64   61   837   0   0   0   0   0   0   0   0   0   0   0   0   15   0   638   556   0   0   0   1   151   0   4   9   200   99   7662   350   0   0   0   356   0   94   0   356   0   0   53   831   0   190   897   0   382   22789   2116   160   0   0   0   0   0   0   0   1998   0   0   0   0   0   447   17   123   0   0   181   0   
0   0   0   0   0   356   0   0   3422   0   76   3   0   161   0   0   77   0   0   0   0   0   0   0   0   50   0   349   0   0   117   0   3603   0   0   22   0   0   0   2538   0   351   15   0   52   0   8171   190   0   0   0   0   0   0   2556   64   9038   0   0   45   0   0   0   7   0   0   0   72   0   0   1292   0   161   0   0   32   111   0   16   8171   18   0   0   0   0   573   0   0   0   0   0   1   0   0   0   4490   0   0   0   0   2116   13973   0   0   201   268   0   0   0   381   
1929   573   3504   818   0   0   0   449   0   2   0   0   0   0   0   173   0   0   0   0   1653   0   0   186   0   117   0   0   0   0   310   0   171   21   0   274   0   0   0   0   0   0   0   0   0   46   0   0   0   0   0   1496   762   0   532   13   0   0   7976   0   839   0   0   0   0   0   0   0   43   0   0   161   0   357   2   0   52   0   45   8925   4378   0   0   10   0   0   0   0   144   0   0   0   5   0   0   575   0   46   151   0   0   0   356   0   0   0   0   0   0   1   
0   0   0   0   0   0   2391   444   0   0   272   2200   33   0   0   0   42   7976   0   0   0   0   0   0   21   317   95   59   0   0   0   0   0   0   0   0   0   0   0   73   0   5   0   0   8171   0   83   0   948   0   0   0   0   0   0   0   0   39892   0   0   0   0   0   2116   0   0   0   0   39892   0   3   321   0   0   0   2816   0   260   0   1624   0   43   1   15   0   2556   0   0   0   0   0   1   0   1875   2290   0   0   45171   0   2538   0   0   0   0   0   350   658   241   1476   0   
64   82   2170   0   43   64   0   0   22   187   1292   731   0   296   2170   0   0   773   1414   0   29   0   148   0   1   0   0   970   1944   0   254   0   40   0   0   0   23   73   0   0   731   3760   0   0   0   0   13973   0   0   0   0   0   0   0   0   10   0   241   210   0   0   15   236   0   0   0   1   0   1227   18   174   0   0   459   530   0   13   0   0   1   0   3760   0   0   283   0   221   480   0   5186   0   0   0   0   148   404   0   2093   20   0   228   5   0   35   0   0   0   0   161   0   
302   0   0   81   0   0   0   0   0   0   0   0   1849   0   47   0   0   0   4   39   0   0   14   102   0   36   0   1612   894   117   5   5   0   0   0   0   0   161   0   0   0   117   0   897   318   887   0   0   0   0   0   0   0   0   0   0   0   0   221   0   0   0   0   0   0   0   3334   2116   0   0   0   38   0   0   0   5   1425   76   0   0   0   0   0   0   0   15   0   60   553   0   137   0   0   0   0   0   0   0   0   0   0   0   424   0   0   0   0   0   797   0   
92   0   0   0   0   0   0   0   0   0   0   47   0   0   1299   0   7806   0   210   0   0   0   0   0   0   137   0   0   185   0   157   449   0   0   5   0   101   0   8   0   0   0   18541   0   0   0   0   731   0   0   0   0   0   0   75   0   19   412   259   0   2116   1334   0   0   96   0   0   609   96   0   0   206   0   0   0   0   0   0   0   0   0   5   0   12   73   0   0   0   0   350   0   2116   0   0   0   0   0   0   0   0   135   0   0   0   1   1487   984   0   0   0   
130   3   22   405   367   0   0   0   0   0   0   0   0   0   1624   0   6721   0   0   0   0   81   0   0   0   0   0   0   0   1185   92   0   0   0   1384   50   970   0   0   0   2290   69   0   7782   0   0   0   197   515   0   558   0   0   0   0   1025   0   0   0   0   0   0   0   0   707   0   0   0   8925   2093   7   46   0   4   948   424   349   95   0   362   0   107   0   1218   1   0   0   0   0   0   0   23   0   0   0   24   638   0   0   51   8   0   0   0   0   0   178   0   0   0   
0   0   0   0   1066   0   0   321   151   0   0   32   2467   0   0   552   0   12279   0   0   0   73   0   0   1681   0   0   0   96   0   0   0   0   0   0   367   372   0   0   1212   0   74   0   532   1   0   1   0   0   0   264   43   0   32   0   913   197   49   0   5   0   570   0   31   5   0   0   0   122   0   0   5186   0   0   122   0   0   0   0   0   0   0   0   0   0   0   26   0   194   0   0   0   990   0   0   1   0   0   0   0   0   0   0   0   0   163   0   0   0   0   
140   257   1238   0   0   0   33   1326   0   0   0   0   0   0   0   0   39   0   0   0   0   1176   0   0   6721   0   19   191   0   0   0   27635   0   596   0   0   0   0   0   0   0   0   8925   1   0   0   0   0   0   0   0   0   0   0   0   362   0   0   0   0   80   0   502   0   0   4103   0   152   5   0   0   164   0   0   0   0   0   331   0   0   174   0   0   0   0   0   1   0   0   0   0   552   0   0   2484   0   0   0   0   0   2577   0   382   0   0   14   0   0   0   0   
0   190   0   9   321   0   409   2153   22   0   0   49   0   12279   0   0   0   44   22   0   948   0   0   21   813   1425   0   773   0   818   625   0   0   86   0   148   0   0   0   0   0   0   0   19   0   0   0   0   0   440   0   0   0   4   0   0   1   0   736   0   140   7   3504   46   0   1   0   95   310   15   2370   0   2538   0   33   71   0   0   905   1929   0   259   0   40   0   0   1134   0   0   0   0   0   0   212   0   0   0   0   1875   1929   0   0   0   4   530   0   0   376   0   129   
160   19   200   236   0   0   0   0   123   79   0   0   4   33   0   0   0   193   63   484   0   0   0   385   272   0   0   1800   0   0   0   0   0   1496   0   0   0   0   130   0   0   0   53   383   171   0   151   0   0   71   0   0   0   0   0   0   0   0   137   0   0   1840   15   4   0   316   0   0   471   0   0   15   0   0   12   91482   0   0   332   54   32   0   0   0   1   1210   0   103   0   0   0   0   0   0   0   0   0   112   0   909   0   0   1683   913   81   0   0   0   0   38   
0   0   1425   115   0   0   0   0   9669   310   206   0   0   0   0   0   662   18   3334   0   60   0   0   0   0   0   0   351   32   0   1   0   0   0   0   0   390   0   9038   0   115   0   0   0   0   0   161   0   0   0   462   117   0   93   1   80   0   462   7   0   0   0   0   0   0   0   0   20   0   0   0   0   0   0   0   0   0   0   0   0   55   0   0   0   0   46   0   0   0   0   382   0   265   1544   0   0   190   0   0   1983   19   0   0   327   0   326   0   0   50   0   
0   0   0   1487   0   283   0   0   2902   221   167   0   0   837   6   0   0   0   0   0   0   0   0   10535   0   0   0   0   0   285   367   0   0   0   3   349   0   0   5   0   144   3177   0   0   14   1212   0   0   0   756   57   818   0   914   0   0   0   0   316   3   0   0   0   4   9624   0   260   0   0   0   0   762   839   1412   0   914   38   0   0   24   0   8   0   0   0   221   25   0   0   0   0   0   0   0   0   0   5   79   0   0   0   0   358   0   0   0   0   0   596   0   
224   0   0   0   0   2093   3   339   36   0   0   1   1425   1   0   0   0   0   6   0   0   897   0   0   0   57   0   0   0   507   0   212   0   0   0   0   0   0   0   0   0   0   4   33   0   0   0   0   0   0   0   3   1650   0   0   0   0   0   0   0   0   0   0   316   0   0   0   105   0   0   0   0   263   0   0   5852   0   0   424   0   0   0   53   0   0   0   263   0   0   0   0   0   449   236   1075   0   0   0   317   0   0   409   0   201   221   0   567   0   0   0   
46   0   0   0   0   0   0   237   8925   0   237   507   0   0   0   239   1983   0   0   778   0   0   15   236   0   0   0   2853   0   31   0   3603   0   0   0   0   164   126   0   0   838   104   17   0   914   0   1412   9669   0   0   0   0   0   0   444   265   13   0   0   0   0   0   105   647   42   0   0   0   3   0   82   897   0   0   0   161   0   0   172   82   0   0   0   0   0   15   0   0   0   0   23   0   0   0   0   0   0   0   1087   3603   50   0   0   0   0   0   55   0   609   0   
0   0   0   136   98   5   1087   0   0   0   1   0   1066   0   0   2902   0   507   0   1185   45   0   0   1   0   894   0   0   0   10   0   0   0   0   0   0   0   0   0   272   0   0   5984   0   641   0   0   0   184   405   0   0   0   0   0   0   350   88   0   0   0   0   0   0   0   0   69   0   1   0   0   0   0   0   2065   223   914   0   0   0   73   43   0   848   0   0   0   0   0   0   0   0   55   61   250   32   23   0   26   0   0   0   157   34575   0   383   0   0   148   0   
0   0   0   363   0   0   0   329   13973   0   0   0   0   0   39   0   530   0   31   0   0   0   0   0   0   0   0   0   407   534   5   0   0   18   0   529   0   0   0   0   0   0   2200   0   0   0   0   198   0   0   0   0   0   0   507   0   0   0   2484   0   0   0   0   0   0   0   0   2153   0   625   61   91   0   0   0   0   0   88   0   0   0   0   0   0   127   0   0   1929   0   0   1   0   0   0   0   0   14   0   103   808   0   405   0   1041   0   0   0   91   0   0   
200   0   0   0   47   0   47   93   0   0   0   0   1   206   73   1412   0   0   0   0   0   0   0   0   0   0   43   187   750   0   13973   0   424   0   984   0   0   0   111   0   0   404   0   0   0   0   0   0   0   0   0   0   0   0   0   0   0   0   0   0   58   0   0   682   96   0   662   3177   0   0   0   0   0   43   8   0   0   335   1964   0   4   0   0   0   0   0   236   897   44   0   0   1384   0   0   2   0   43   0   0   41   0   0   0   0   0   15501   0   193   0   1   
0   0   0   0   1005   0   0   0   0   0   0   0   0   0   0   0   0   662   469   0   837   1299   0   0   151   0   0   0   92   0   0   10   0   376   0   0   0   0   161   0   0   210   0   0   0   0   0   421   0   3885   0   82   5270   0   0   0   0   0   0   0   0   0   0   0   0   1487   14   897   0   5   0   0   0   0   0   0   0   28   812   0   0   0   0   0   200   152   914   80   1609   0   0   0   596   0   53   2538   0   0   0   0   905   250   6   0   0   0   0   0   45171   0   
47   0   71   0   0   0   0   0   0   0   0   0   0   135   0   0   245   0   0   1005   0   0   0   0   0   144   1299   0   0   0   0   0   0   0   0   335   0   0   0   7   0   0   0   0   0   52   0   0   263   0   1   0   0   0   0   10   0   0   58   0   0   304   0   0   0   0   0   0   0   15   0   200   222   0   0   0   0   0   0   0   0   0   19   0   0   2959   0   0   0   0   0   2200   506   0   1529   157   0   0   0   0   0   95   46   127   0   101   0   34575   0   41   
0   0   0   276   186   0   0   135   0   405   0   0   160   0   0   0   0   137   0   0   35   55   839   0   160   0   0   0   0   0   0   0   221   2816   0   122   0   372   122   164   5   0   0   0   427   1944   0   0   212   0   7976   0   0   43   50   0   45   0   0   0   0   2   0   0   575   0   0   1   4813   0   148   0   1066   100   0   0   0   94   530   163   312   0   19   0   25   0   0   0   31   0   2   0   358   0   0   0   0   0   0   0   0   0   0   0   0   0   0   0   0   0   
218   0   326   0   0   638   0   35   530   200   163   1212   0   0   736   313   0   272   0   318   0   107   0   0   0   137   0   0   0   276   2577   0   0   349   0   0   91   0   0   0   0   0   45   0   0   0   0   0   142   0   283   228   0   0   0   0   29   2   0   0   0   1804   0   0   0   0   0   81   0   0   0   8925   0   26   0   0   1   57   0   0   0   0   0   682   27635   0   0   1176   9038   0   0   0   0   0   0   0   0   0   0   6   103   82   0   0   0   327   0   2   0   3   
0   0   0   2370   30   216   63   50   0   0   0   3603   0   0   0   0   0   0   1   0   60   75   0   30   68   0   0   0   0   0   0   13973   0   0   0   0   0   0   228   29   0   0   0   82   35   484   0   137   0   0   27635   45   0   0   0   0   0   0   22   0   427   0   0   137   0   0   0   0   0   167   262   504   0   0   22789   0   0   0   0   0   528   0   0   20   0   193   80   888   70   0   0   68   0   1041   762   0   221   91   0   2   0   0   0   0   0   221   194   312   33   115   
0   0   98   15   107   98   0   0   0   0   0   1041   0   6   0   0   0   0   0   0   0   81   0   1238   0   0   168   0   0   0   21   0   0   0   0   0   0   72   0   23   0   263   10740   1929   0   0   0   15   7   0   0   0   0   0   0   0   0   0   0   396   0   839   0   71   0   4   0   102   0   0   0   3   0   15369   39892   0   0   64   0   0   0   0   0   0   0   0   0   1176   0   21   0   0   0   0   0   0   0   218   0   0   504   47   1   161   0   0   0   0   148   0   
38   0   0   81   0   0   396   0   0   9   0   0   7   0   0   914   0   0   0   0   0   232   349   0   151   0   0   19   0   0   1   2   0   3641   3   0   0   0   0   0   0   0   0   405   0   42   127   0   0   109   0   0   102   0   0   808   0   0   0   0   0   23   8   3885   0   0   41   575   0   0   505   0   0   0   18   1650   6721   0   0   5   0   0   0   0   0   0   1   200   0   0   0   0   0   0   155   0   0   0   0   449   502   0   382   0   358   1   61   0   1147   287   
0   0   0   2   997   0   272   1   0   662   0   423   0   0   0   193   0   0   0   0   0   0   81   0   0   0   0   0   3   0   0   53   0   0   2538   0   0   0   0   1496   0   44   25   0   27228   38   1   33   0   0   515   0   0   0   0   8   1   0   0   0   264   0   0   0   0   0   0   0   0   0   0   137   0   8171   0   0   0   127   1326   1047   0   250   1412   0   9   0   0   0   245   0   0   0   6   0   615   1041   0   15   0   0   1   0   0   905   221   0   0   0   0   0   
0   0   14   302   0   2467   0   0   0   0   0   0   356   0   0   596   0   0   375   0   0   0   544   363   0   0   544   0   0   0   469   0   0   39892   0   3   0   0   29   0   0   117   6   0   76   0   0   530   29566   144   73   0   372   0   0   0   10   29   7782   29   0   0   135   0   0   0   0   3   356   567   0   0   0   0   109   0   0   91482   0   0   16   0   1   0   0   22   800   0   0   1001   254   22   0   0   0   6   0   0   129   0   0   0   163   0   0   0   0   2467   0   0   
0   0   0   50   0   0   0   0   1   0   10740   0   0   2153   0   0   848   0   0   0   2853   0   0   0   1982   0   0   0   0   0   0   0   0   0   0   0   0   0   0   7662   0   1047   0   0   0   0   0   0   0   61   0   136   0   0   887   22   4   0   16   0   0   0   221   0   5   33   0   0   0   1944   0   0   0   0   0   6   104   0   0   0   0   0   0   0   0   1047   5   1804   0   0   212   0   0   28   0   0   1650   0   0   0   0   0   0   22789   0   0   0   0   0   0   
0   0   0   0   2484   1   2556   0   0   0   0   0   0   0   0   0   0   0   0   25   0   0   0   0   3   0   350   0   272   0   0   7   0   12279   0   22789   18   115   0   0   0   0   0   0   0   0   0   1066   0   0   0   0   0   4378   0   0   0   2065   762   174   0   0   0   0   0   178   0   0   193   0   0   0   0   0   0   0   0   1384   0   9   596   447   0   0   218   44   440   0   1075   0   0   0   60   0   0   71   838   0   682   0   0   0   0   0   0   1334   0   0   797   0   
236   68   101   0   216   0   15   0   0   7806   22   0   4   0   0   0   18   1198   0   0   200   0   1227   423   0   0   0   0   0   0   52   0   0   310   0   68   905   44   17   3603   1   0   0   82   22   39   0   0   71   0   0   0   0   0   0   0   0   12279   0   0   1683   0   193   0   0   0   4   0   0   3   0   480   0   0   0   0   0   0   0   0   0   112   2538   1944   0   0   94   2116   0   4   0   0   0   0   382   0   0   0   0   886   0   0   0   852   0   0   222   0   0   253   
0   0   0   38   0   0   0   0   0   0   0   0   0   0   0   848   2153   0   0   10740   43   0   0   0   762   0   0   0   0   0   66   0   0   0   0   0   0   0   150   0   15   530   0   16   55   0   0   0   0   2   0   0   0   0   0   0   0   0   0   0   0   0   0   1957   0   0   0   19   22789   0   5   0   0   14   174   0   0   0   447   29566   0   0   3   4   0   112   0   0   409   23   0   0   0   0   0   0   221   9   0   0   0   0   0   6888   0   0   0   0   0   0   
0   137   0   0   151   0   0   0   0   0   0   0   73   0   0   0   0   0   0   33   0   22   0   0   0   0   0   0   0   0   0   0   6   0   0   0   0   534   0   72   0   221   0   0   0   3641   0   0   0   0   0   0   0   0   151   0   1875   0   0   0   887   0   0   0   1185   1929   0   9669   0   0   0   0   0   0   0   0   0   0   36   0   0   0   0   0   0   0   358   1334   0   0   0   5   19   0   1194   0   0   10535   0   0   1849   0   3334   0   0   0   0   1964   0   0   
0   0   0   1609   623   0   0   0   161   7   0   0   0   0   94   0   69   0   0   575   6   638   29   0   0   0   0   0   0   0   0   0   0   0   0   0   0   34575   0   0   92   0   0   27635   0   1653   0   0   194   71   24   16   0   0   21   0   0   2   0   198   0   0   0   171   0   0   0   0   0   265   0   0   54   0   0   0   0   0   0   27635   0   102   0   1929   0   0   284   0   0   0   1256   0   0   0   0   0   871   268   0   0   0   0   0   0   0   0   0   0   358   0   
0   0   0   1041   0   0   0   0   0   263   0   0   80   1087   0   0   0   0   0   44   0   0   4813   108   27635   0   0   0   0   781   224   0   0   0   0   0   262   10106   64   101   0   0   0   0   0   0   0   0   396   515   254   871   0   0   0   0   15   0   0   9669   0   0   0   0   76   0   22   0   164   0   0   0   0   37   0   0   0   0   0   0   0   0   164   20   0   5852   0   0   0   58   0   0   0   0   0   0   76   894   0   0   6   0   0   0   0   530   0   0   68   0   
0   33   0   1   507   0   64   0   0   1   1476   0   592   0   24   0   0   137   228   1627   0   0   0   107   0   0   74   0   3177   0   4813   187   0   115   0   0   44   163   0   0   0   541   317   1998   265   193   197   0   0   0   0   1210   10106   506   2577   0   0   0   0   0   0   592   0   0   47   0   0   0   1964   114   15   0   200   0   0   0   372   220   1496   0   0   0   0   0   0   0   0   0   0   0   2616   0   0   206   1334   0   1627   0   1134   0   73   0   140   0   0   0   0   0   0   32   
0   0   0   168   38   0   0   220   0   0   0   0   0   96   31   423   0   0   1   0   0   0   35   0   0   326   515   0   0   3   191   0   1210   316   100   18   82   0   0   0   0   0   0   469   228   194   82   4   0   905   25   15   0   0   0   0   82   615   0   21   0   596   25   4103   0   0   0   0   91482   53   0   573   262   272   0   0   0   0   0   9624   0   53   41   0   0   1487   0   0   0   28   0   831   29   0   0   0   2   0   0   0   43   0   0   0   0   0   76   0   0   0   
0   0   0   41   1075   0   0   0   0   48   0   0   0   0   0   0   0   0   0   0   0   112   0   0   0   0   0   0   0   287   0   0   7   0   0   0   142   0   68   0   0   575   0   340   0   108   0   1238   0   16   81   1612   0   0   368   0   0   0   1041   3   0   9   152   0   2299   1706   0   15369   0   16   421   0   812   0   0   0   4103   0   107   274   157   0   86   358   0   0   92   897   0   0   0   0   104   6   0   0   0   0   0   2290   0   405   0   0   0   0   1256   778   357   0   
5   2467   151   22   0   0   1929   10535   0   0   0   167   0   72   0   21   0   0   76   0   0   0   0   381   0   0   0   1194   2467   0   0   0   0   0   0   0   0   0   37   0   1   0   0   1414   0   164   0   0   13973   0   0   0   0   241   318   0   0   913   1624   95   130   73   0   0   0   0   18541   0   887   0   0   0   0   0   0   161   15   0   0   0   0   0   0   0   7875   672   0   0   1   0   0   0   0   70   0   0   81   0   0   596   0   0   0   0   905   0   0   0   0   762   
194   151   0   553   0   0   0   0   0   0   0   0   47   9038   164   3760   0   0   8925   41   0   0   36   0   0   0   0   0   596   0   0   0   0   0   51   0   250   0   0   0   112   263   0   0   0   0   0   0   0   0   0   23   0   0   0   0   263   0   10740   558   0   0   15   0   0   0   1041   0   0   0   0   0   773   0   1087   0   0   313   0   0   0   0   0   0   250   3   0   357   0   71   0   0   0   0   0   0   350   0   0   0   5   0   0   0   86   0   0   0   117   424   
0   1147   0   161   0   0   0   351   905   0   0   0   0   0   0   5270   0   1176   0   0   117   0   0   0   163   7   367   0   2969   1176   0   0   156   0   1147   0   43   0   0   25   566   193   0   0   0   0   0   0   0   0   0   10   38   0   0   0   0   0   0   0   0   0   21   0   6888   0   0   0   34575   894   0   0   46   2577   0   0   0   762   0   228   228   1   0   449   0   0   0   909   506   1198   200   0   201   0   0   0   797   0   0   0   0   1875   0   0   0   49   0   108   0   2153   
0   0   0   0   0   221   0   0   0   79   0   15   0   0   0   1198   0   0   0   0   0   0   1066   0   0   146   0   52   0   0   0   10   4   0   0   769   0   0   0   0   0   0   0   0   0   57   0   0   0   0   0   264   756   0   5984   0   0   0   625   23   638   0   20   46   0   2902   0   0   0   0   0   0   0   0   0   0   0   0   2853   0   168   5   0   331   136   0   0   0   0   0   0   3   0   191   382   0   9   25   409   0   2   29   0   0   0   4   0   7   0   7662   
32   60   0   218   424   166   405   152   0   201   0   0   532   0   0   445   0   38   0   1   2   778   2853   0   480   376   0   0   0   22   0   0   0   1   2   0   0   137   0   0   0   504   0   0   0   0   187   0   57   349   0   0   0   36   4378   0   10740   0   0   71   0   0   0   12   0   0   0   0   0   0   0   0   0   0   0   0   1944   0   0   0   0   100   0   0   0   0   0   221   91   1   0   1075   0   2391   47   0   812   0   3   0   0   0   73   224   0   0   0   3   0   0   
23   0   15369   22   1212   0   0   0   86   0   137   0   0   0   0   9038   25   897   447   1176   0   23   0   0   0   0   5   0   0   0   0   0   0   0   1   19   1227   0   0   0   0   0   970   0   0   0   53   0   0   0   0   0   101   0   0   22   0   0   1476   3422   0   0   4   462   39892   1529   2290   0   848   0   0   0   1487   70   0   0   0   0   0   0   1041   797   1   0   1256   0   12279   0   507   0   239   0   0   0   0   0   1964   0   10   1185   0   0   54   0   0   1   7   1041   0   0   
0   0   0   0   0   0   14   0   0   0   0   0   0   73   0   3   0   0   0   0   0   0   0   0   385   0   0   0   1983   89   27228   0   0   0   0   0   0   83   0   0   220   0   174   0   0   0   0   73   1   7976   0   22   0   224   0   103   375   171   265   0   0   0   0   0   0   356   0   0   0   407   9   71   0   1212   0   888   0   357   1326   0   24   0   5073   0   0   58   21   0   0   533   74   0   7   163   852   0   0   0   0   0   0   0   1075   0   0   0   0   0   8   0   
0   638   58   0   0   0   3422   0   0   296   3   0   1   0   210   0   0   0   0   193   0   33   0   74   0   530   0   0   4   0   0   1134   0   19   0   0   10   0   0   144   0   0   200   156   0   0   0   0   0   109   0   0   0   507   0   0   45   0   316   14   0   0   0   0   23   0   0   0   0   0   262   0   0   329   41   839   0   15369   57   0   0   1218   0   5073   0   5   7782   0   0   0   20   0   0   0   21   0   762   1   0   0   0   7782   0   0   0   0   100   46   0   0   
541   0   6   0   1998   0   0   0   17   0   0   0   909   0   0   66   71   0   63   0   0   2902   0   0   0   0   0   0   31   0   0   105   1   0   25   0   0   114   0   28   1299   0   28   9038   0   184   570   73   4   0   100   6   191   4   0   9   0   0   187   2616   0   0   0   729   0   887   0   2902   0   0   0   168   0   0   2880   0   0   0   0   596   54   30   0   0   55   254   0   0   0   137   0   0   0   0   0   10106   16   0   35   390   0   313   0   0   0   0   0   0   0   0   
0   210   0   0   0   0   221   155   0   104   0   0   0   155   2959   0   0   0   0   0   0   0   848   144   0   40   0   0   0   1800   0   0   86   0   73   0   3076   2969   641   0   167   0   0   0   0   0   20   0   35   0   0   0   0   0   682   0   82   76   0   0   0   13   1412   0   71   2467   0   0   44   0   0   0   0   27228   18541   0   1627   0   193   152   0   0   0   0   0   7   0   4167   31   1681   0   0   0   0   0   0   0   0   0   0   117   0   375   0   0   0   29   0   0   0   
647   117   0   0   0   0   72   0   0   0   533   1529   0   0   0   0   124   459   0   0   0   262   0   0   0   0   21   0   0   356   198   1496   351   0   0   0   0   54   0   73   0   0   31   0   126   0   0   0   31   375   447   0   0   0   0   0   0   23   0   0   0   0   223   0   114   0   0   0   0   1   0   3422   2816   0   0   167   0   0   0   23   0   2391   0   0   0   0   284   469   115   0   283   2616   0   0   0   0   0   0   2   27228   0   0   0   0   0   0   0   0   7875   0   
152   4813   0   0   0   2   0   0   0   0   0   0   0   0   0   0   0   0   0   124   0   0   5270   0   0   0   0   0   92   0   0   95   0   0   200   95   0   0   0   0   0   0   1   0   1227   0   35   0   0   82   0   0   0   49   284   0   1   0   0   0   340   0   0   0   0   15   838   0   200   92   0   64   0   0   0   0   0   0   0   0   0   0   0   0   0   0   310   1227   0   0   316   0   0   0   95   2   0   0   4490   0   0   0   894   0   0   82   1929   2816   0   0   
7806   0   0   0   0   33   0   0   0   997   0   0   318   0   0   0   0   0   0   0   47   0   997   185   0   2   0   2170   0   1944   15369   0   19   284   367   0   0   52   0   0   0   0   0   0   0   0   0   135   60   10535   0   897   2391   363   0   0   1840   0   0   0   412   0   0   0   0   0   0   0   74   0   4   0   57   0   0   2116   0   2538   0   0   7976   0   0   0   0   0   263   0   0   2   630   0   22   45   0   0   0   897   0   0   30   0   0   0   0   0   736   0   0   1   
99   0   0   1627   0   29   163   198   0   0   0   0   71   127   40   0   39   596   852   0   0   0   152   362   168   0   0   0   358   0   625   0   0   130   0   0   0   0   0   0   1425   0   61   0   0   0   0   0   151   0   1   0   0   0   0   0   0   1476   15   0   0   0   0   50   3603   0   3   0   0   2467   769   0   0   0   0   39   0   0   0   0   22   0   0   31   0   5   331   0   372   0   0   22   0   0   218   0   838   0   382   1025   0   0   0   0   729   0   0   404   0   0   
0   0   101   1238   0   0   0   0   0   0   0   38   0   2467   0   197   0   0   0   769   272   70   0   0   91   6888   0   0   45171   0   1840   0   0   0   0   7157   0   216   77   0   0   0   96   0   0   193   92   0   2391   0   0   33   0   0   0   0   0   71   61   0   839   0   10740   0   0   0   0   530   506   0   0   0   95   0   0   0   44   30   11   0   0   7   44   41   383   265   0   0   1   335   0   5984   146   0   0   47   0   2577   0   0   0   296   0   0   3334   0   2577   0   0   43   
0   0   0   0   0   1   0   0   0   0   4   0   0   7   33   0   332   0   0   357   0   32   0   0   0   0   6888   82   82   0   0   0   13   0   0   0   0   0   186   0   3760   0   0   0   0   0   0   58   0   970   1075   0   27228   0   0   0   0   98   0   125   0   14   8   0   0   0   0   0   40   3641   0   1261   0   100   0   0   50   0   0   0   76   0   0   29566   0   23   0   0   19   970   0   0   515   0   0   596   0   0   2065   15   0   2065   1054   0   0   0   272   44   0   0   
0   0   19   0   0   0   0   0   0   185   2484   0   0   0   0   0   0   0   0   0   529   0   0   0   0   0   206   74   16   447   0   39   0   0   0   0   0   0   0   49   0   58   0   0   1929   471   837   0   10   0   13   0   0   0   0   0   367   0   0   201   0   0   0   897   647   0   340   0   0   1   0   52   0   6888   117   0   0   0   32   23   0   0   310   0   0   265   781   0   0   52   0   6721   19   0   0   0   750   0   0   46   313   16728   0   0   5186   0   625   530   0   3334   
0   0   1066   0   0   52   0   0   0   0   1078   1334   38   0   0   0   0   0   0   0   831   0   1612   0   0   0   0   0   0   0   0   0   0   0   0   0   0   0   0   533   0   0   0   0   507   647   897   0   812   0   0   0   0   0   381   3422   137   0   0   21   0   0   9   990   838   567   0   228   0   0   0   0   530   0   0   306   0   0   15   0   157   0   39   0   2616   327   0   0   0   0   0   886   197   232   0   0   10   553   0   0   232   3   0   0   0   0   0   0   76   0   
0   0   449   6   0   0   0   630   16   0   14   0   0   0   837   0   26   0   73   172   0   0   0   0   948   364   515   0   0   0   0   4167   27635   0   160   0   0   0   0   838   0   0   0   1   462   0   381   2170   45   15501   0   0   0   0   18   0   0   0   80   0   0   0   75   553   232   0   0   0   57   0   10   0   1529   6888   0   0   0   0   0   0   0   73   0   60   0   253   331   948   0   0   0   0   0   127   0   0   0   0   0   376   0   0   14   44   0   0   17   0   0   82   
0   19   0   0   0   144   0   0   0   0   0   0   0   0   7782   0   0   596   0   0   0   40   0   0   51   0   0   0   0   0   50   0   0   0   6721   33   193   0   79   0   0   0   0   198   376   2   0   0   13   0   756   0   0   0   0   0   0   3641   0   0   0   0   0   0   0   0   662   0   0   852   265   0   0   186   0   0   0   0   317   0   45   0   0   40   0   0   50   0   0   707   0   0   0   0   0   0   0   0   0   0   1944   0   0   0   357   8   3334   0   217   0   
0   2959   0   0   848   0   0   0   0   0   0   0   0   0   0   0   6   0   0   0   0   1627   0   0   83   0   0   0   0   61   5270   0   0   129   0   0   0   69   423   731   0   0   45   0   9   29   914   216   38   0   0   1066   16   0   0   0   40   181   0   0   0   0   0   409   45   762   409   4   0   0   1964   75   0   81   0   14   0   0   459   0   2004   16   0   0   0   252   0   8171   0   0   0   0   0   0   0   0   0   0   544   0   0   0   0   0   140   0   0   3334   0   0   
0   444   0   331   0   22   0   0   0   0   0   0   0   1087   0   0   0   0   0   0   532   0   357   15   0   40   0   163   16   10740   0   0   4103   0   0   0   0   0   1609   558   4   0   0   0   2959   0   15   237   0   7   0   0   45   0   0   638   0   0   0   0   0   0   0   140   0   144   0   0   0   9624   0   122   317   16728   0   0   77   0   0   0   239   5   0   232   0   567   0   0   0   0   0   0   0   7782   0   0   0   60   272   2370   163   0   0   0   0   0   0   0   0   556   
184   623   0   1261   0   0   0   0   0   8   0   0   0   0   0   0   54   1   0   0   272   0   0   0   0   26   1   0   0   0   0   0   0   140   0   0   0   0   0   0   839   29566   0   0   68   0   0   16   778   838   13   0   0   0   5073   0   15501   0   0   95   0   1487   0   507   0   0   0   0   0   507   0   22   0   0   0   459   0   0   17   0   1005   0   0   0   0   12   218   0   42   0   43   0   3334   0   0   3076   1   0   0   0   0   0   0   0   0   2969   0   0   0   0   
0   112   0   2370   0   0   0   52   0   60   1706   0   1983   0   0   44   0   0   0   47   970   0   0   0   0   0   0   19   0   0   0   0   0   0   1   0   0   0   0   0   769   81   0   0   105   0   0   0   0   0   0   0   127   0   1261   0   0   0   7976   0   0   130   0   21   7   43   0   0   0   0   101   0   0   0   0   95   0   0   0   894   1292   0   0   7   0   0   507   0   0   0   0   0   0   3603   0   0   0   897   0   0   102   0   0   0   166   0   0   0   0   404   
5   0   31   0   0   1   0   0   58   0   769   0   0   0   0   0   0   0   0   0   16   2   0   0   0   1176   33   18   0   0   0   0   0   1998   268   88   265   0   44   0   0   0   0   272   0   0   3   197   0   40   0   0   0   0   63   0   0   0   0   15   217   0   0   0   0   0   1929   115   1   412   0   83   217   3641   0   0   276   47   0   8171   0   1078   0   0   3   0   0   515   0   731   0   0   0   0   0   0   263   0   0   73   0   0   0   80   0   0   0   0   376   1   
3   2   0   46   245   15501   0   161   1025   43   0   0   897   0   0   303   0   3076   0   0   0   0   0   0   0   0   102   0   0   0   913   0   156   10   239   3504   0   73   3334   0   61   147   137   0   0   38   0   368   0   0   0   6   0   0   0   123   1875   201   0   0   22789   304   0   1703   28   16   0   0   108   0   2969   1476   4   0   0   28   1425   0   21   0   0   0   0   0   1   0   1   2467   0   1075   0   0   222   0   0   81   0   382   0   0   0   0   658   0   0   0   12   0   1238   166   
0   0   0   0   0   350   808   0   4   45171   532   0   0   0   45   174   0   0   0   0   615   0   0   0   0   0   0   0   0   0   0   0   4   0   54   43   181   129   3334   0   0   0   0   0   18541   909   302   0   0   662   0   0   0   0   0   13973   252   39892   0   0   168   0   60   914   1875   16   45   0   102   0   0   0   0   92   0   0   407   221   0   0   140   0   0   125   160   71   0   0   0   0   0   0   0   1627   0   0   390   0   0   913   662   0   28   0   0   1   81   0   0   18   
0   0   100   0   0   210   0   0   0   0   0   0   0   0   0   0   0   0   0   909   93   1041   1261   0   0   0   0   0   0   897   0   140   0   0   0   390   312   0   0   368   0   0   3603   0   0   0   0   0   155   0   0   4   0   0   64   0   111   1   0   897   0   0   0   0   0   146   0   0   3   19   0   161   0   152   111   0   0   0   123   0   0   0   263   168   0   0   0   1   321   0   57   0   0   80   0   287   0   0   197   52   40   4813   0   914   57   0   0   61   0   0   
